[H[2J[3J--------------  -------  -----------  ------------  -------------  --------------
Fitness type    Mu Size  Lambda Size  Mutation STD  Mutation Rate  Crossover Rate
himmelblau_min  15       100          1             0.01           0.6
--------------  -------  -----------  ------------  -------------  --------------
########################################################################################
Generation 	 Candidate Evals 	 Best Fit 	 Average Fit 	 % same 	
1 		 100 			 3.0288 	 4317.1857 	 43.0000 %
2 		 200 			 6.9622 	 4256.2856 	 38.0000 %
3 		 300 			 13.8475 	 4320.8463 	 49.0000 %
4 		 400 			 4.5636 	 3931.0913 	 59.0000 %
5 		 500 			 1.4498 	 2881.0768 	 46.0000 %
6 		 600 			 1.4498 	 1358.5786 	 35.0000 %
7 		 700 			 1.5074 	 1150.3773 	 45.0000 %
8 		 800 			 61.9256 	 1710.6931 	 51.0000 %
9 		 900 			 285.4610 	 1956.6118 	 32.0000 %
10 		 1000 			 288.0710 	 1560.8534 	 48.0000 %
11 		 1100 			 303.6383 	 1759.1035 	 40.0000 %
12 		 1200 			 414.0503 	 1859.7324 	 48.0000 %
13 		 1300 			 414.0503 	 1862.4832 	 45.0000 %
14 		 1400 			 756.0681 	 1758.2205 	 44.0000 %
15 		 1500 			 918.5812 	 1636.5672 	 43.0000 %
16 		 1600 			 1394.9362 	 1714.7363 	 43.0000 %
17 		 1700 			 1394.9362 	 1704.1208 	 47.0000 %
18 		 1800 			 1394.9362 	 1914.8510 	 48.0000 %
19 		 1900 			 1443.6069 	 1890.9494 	 43.0000 %
20 		 2000 			 1443.6069 	 1792.7952 	 50.0000 %
21 		 2100 			 1459.6846 	 1762.0613 	 54.0000 %
22 		 2200 			 1459.6846 	 1804.9172 	 42.0000 %
23 		 2300 			 1495.8360 	 1701.5105 	 44.0000 %
24 		 2400 			 1495.8360 	 1649.3954 	 42.0000 %
25 		 2500 			 1495.8360 	 1590.9359 	 49.0000 %
26 		 2600 			 1495.8360 	 1612.7125 	 51.0000 %
27 		 2700 			 1517.5375 	 1653.3240 	 38.0000 %
28 		 2800 			 1517.5375 	 1665.7055 	 42.0000 %
29 		 2900 			 1535.0304 	 1740.4143 	 47.0000 %
30 		 3000 			 1535.0304 	 1685.0525 	 41.0000 %
31 		 3100 			 1535.0304 	 1676.2369 	 40.0000 %
32 		 3200 			 1543.1993 	 1660.2955 	 44.0000 %
33 		 3300 			 1555.1396 	 1624.0060 	 50.0000 %
34 		 3400 			 1555.1396 	 1596.1175 	 35.0000 %
35 		 3500 			 1556.8182 	 1597.1255 	 44.0000 %
36 		 3600 			 1562.8228 	 1619.7425 	 50.0000 %
37 		 3700 			 1562.8228 	 1616.8753 	 45.0000 %
38 		 3800 			 1601.6696 	 1618.2771 	 39.0000 %
39 		 3900 			 1604.4214 	 1620.8602 	 41.0000 %
40 		 4000 			 1604.8288 	 1622.7597 	 45.0000 %
41 		 4100 			 1604.8288 	 1621.9672 	 39.0000 %
42 		 4200 			 1604.9198 	 1622.5812 	 33.0000 %
43 		 4300 			 1604.9198 	 1621.7666 	 43.0000 %
44 		 4400 			 1604.9198 	 1620.1999 	 50.0000 %
45 		 4500 			 1604.9198 	 1618.5322 	 45.0000 %
46 		 4600 			 1604.9198 	 1618.7391 	 40.0000 %
47 		 4700 			 1612.0322 	 1618.4722 	 44.0000 %
48 		 4800 			 1613.1608 	 1618.6640 	 44.0000 %
49 		 4900 			 1614.2547 	 1618.7561 	 46.0000 %
50 		 5000 			 1616.7875 	 1619.0114 	 48.0000 %
51 		 5100 			 1617.3567 	 1619.2758 	 57.0000 %
52 		 5200 			 1617.3567 	 1619.0446 	 60.0000 %
53 		 5300 			 1617.3567 	 1618.6262 	 63.0000 %
54 		 5400 			 1617.3727 	 1618.4603 	 60.0000 %
55 		 5500 			 1617.7423 	 1618.3988 	 63.0000 %
56 		 5600 			 1617.7713 	 1618.3011 	 54.0000 %
57 		 5700 			 1617.8158 	 1618.2340 	 63.0000 %
58 		 5800 			 1617.8158 	 1618.2456 	 67.0000 %
59 		 5900 			 1617.8319 	 1618.1036 	 83.0000 %
60 		 6000 			 1617.8319 	 1618.1823 	 78.0000 %
61 		 6100 			 1617.8319 	 1618.1866 	 68.0000 %
62 		 6200 			 1617.9283 	 1618.2124 	 81.0000 %
63 		 6300 			 1617.9283 	 1618.1787 	 84.0000 %
64 		 6400 			 1618.0389 	 1618.2243 	 78.0000 %
65 		 6500 			 1618.0389 	 1618.2600 	 80.0000 %
66 		 6600 			 1618.0685 	 1618.2735 	 79.0000 %
67 		 6700 			 1618.1480 	 1618.2643 	 85.0000 %
68 		 6800 			 1618.1821 	 1618.2877 	 87.0000 %
69 		 6900 			 1618.1851 	 1618.2569 	 90.0000 %
70 		 7000 			 1618.1860 	 1618.2604 	 91.0000 %
71 		 7100 			 1618.1875 	 1618.2555 	 95.0000 %
72 		 7200 			 1618.1875 	 1618.2585 	 94.0000 %
73 		 7300 			 1618.1875 	 1618.2660 	 94.0000 %
74 		 7400 			 1618.1875 	 1618.2721 	 94.0000 %
75 		 7500 			 1618.2018 	 1618.2720 	 93.0000 %
76 		 7600 			 1618.2033 	 1618.2683 	 97.0000 %
77 		 7700 			 1618.2104 	 1618.2830 	 97.0000 %
78 		 7800 			 1618.2104 	 1618.2913 	 95.0000 %
79 		 7900 			 1618.2510 	 1618.2967 	 99.0000 %
80 		 8000 			 1618.2649 	 1618.2919 	 99.0000 %
81 		 8100 			 1618.2701 	 1618.2945 	 99.0000 %
82 		 8200 			 1618.2748 	 1618.2950 	 98.0000 %
83 		 8300 			 1618.2834 	 1618.2979 	 100.0000 %
84 		 8400 			 1618.2834 	 1618.2939 	 100.0000 %
85 		 8500 			 1618.2834 	 1618.2989 	 100.0000 %
86 		 8600 			 1618.2929 	 1618.3042 	 100.0000 %
87 		 8700 			 1618.2944 	 1618.3059 	 100.0000 %
88 		 8800 			 1618.2986 	 1618.3072 	 100.0000 %
89 		 8900 			 1618.2986 	 1618.3060 	 100.0000 %
90 		 9000 			 1618.3037 	 1618.3083 	 100.0000 %
91 		 9100 			 1618.3037 	 1618.3072 	 100.0000 %
92 		 9200 			 1618.3047 	 1618.3074 	 100.0000 %
93 		 9300 			 1618.3052 	 1618.3076 	 100.0000 %
94 		 9400 			 1618.3052 	 1618.3079 	 100.0000 %
95 		 9500 			 1618.3055 	 1618.3085 	 100.0000 %
96 		 9600 			 1618.3055 	 1618.3081 	 100.0000 %
97 		 9700 			 1618.3055 	 1618.3083 	 100.0000 %
98 		 9800 			 1618.3055 	 1618.3085 	 100.0000 %
99 		 9900 			 1618.3071 	 1618.3086 	 100.0000 %
100 		 10000 			 1618.3071 	 1618.3084 	 100.0000 %
Best fit 1.4498
