[H[2J[3J----------------  -------  -----------  ------------  -------------  --------------
Fitness type      Mu Size  Lambda Size  Mutation STD  Mutation Rate  Crossover Rate
himmelblau_task3  100      100          1             0.01           0.6
----------------  -------  -----------  ------------  -------------  --------------
########################################################################################
Generation 	 Candidate Evals 	 Best Fit 	 Average Fit 	 % same 	
1 		 300 			 0.2307 	 87.0223 	 25.0000 %
2 		 500 			 0.1616 	 87.9946 	 36.0000 %
3 		 700 			 1.9646 	 90.3661 	 25.0000 %
4 		 900 			 1.4980 	 95.2428 	 35.0000 %
5 		 1100 			 0.8079 	 106.4231 	 39.0000 %
6 		 1300 			 0.8079 	 104.0505 	 40.0000 %
7 		 1500 			 0.8672 	 97.5568 	 35.0000 %
8 		 1700 			 2.0308 	 92.8290 	 26.0000 %
9 		 1900 			 1.5923 	 99.4081 	 35.0000 %
10 		 2100 			 5.8855 	 112.4349 	 42.0000 %
11 		 2300 			 4.9557 	 105.6788 	 35.0000 %
12 		 2500 			 4.5190 	 104.0455 	 39.0000 %
13 		 2700 			 0.5684 	 110.3840 	 42.0000 %
14 		 2900 			 0.5684 	 115.2761 	 45.0000 %
15 		 3100 			 0.5684 	 125.5100 	 36.0000 %
16 		 3300 			 5.1982 	 115.0104 	 37.0000 %
17 		 3500 			 9.8786 	 117.3943 	 42.0000 %
18 		 3700 			 20.3269 	 111.4660 	 40.0000 %
19 		 3900 			 19.9415 	 114.4827 	 59.0000 %
20 		 4100 			 0.5559 	 114.6961 	 41.0000 %
21 		 4300 			 0.5559 	 119.1166 	 30.0000 %
22 		 4500 			 8.2928 	 116.7989 	 33.0000 %
23 		 4700 			 4.2351 	 117.8864 	 41.0000 %
24 		 4900 			 9.7996 	 122.2216 	 37.0000 %
25 		 5100 			 9.8917 	 109.1274 	 41.0000 %
26 		 5300 			 3.1685 	 94.2469 	 38.0000 %
27 		 5500 			 11.6843 	 111.5308 	 33.0000 %
28 		 5700 			 10.4422 	 123.7337 	 34.0000 %
29 		 5900 			 3.0989 	 133.9216 	 25.0000 %
30 		 6100 			 8.7132 	 124.6328 	 28.0000 %
31 		 6300 			 7.7972 	 114.2360 	 32.0000 %
32 		 6500 			 7.7972 	 109.9736 	 43.0000 %
33 		 6700 			 7.7972 	 111.7038 	 49.0000 %
34 		 6900 			 5.7450 	 99.1089 	 33.0000 %
35 		 7100 			 1.7987 	 99.7554 	 26.0000 %
36 		 7300 			 1.7987 	 90.6636 	 37.0000 %
37 		 7500 			 1.7987 	 82.7668 	 34.0000 %
38 		 7700 			 1.7987 	 80.9320 	 35.0000 %
39 		 7900 			 1.3975 	 81.0523 	 42.0000 %
40 		 8100 			 2.7456 	 88.6903 	 41.0000 %
41 		 8300 			 4.3201 	 86.7001 	 36.0000 %
42 		 8500 			 4.3201 	 81.6393 	 33.0000 %
43 		 8700 			 1.1228 	 89.6648 	 31.0000 %
44 		 8900 			 0.9888 	 86.8359 	 38.0000 %
45 		 9100 			 0.8251 	 96.9174 	 35.0000 %
46 		 9300 			 1.3766 	 112.3157 	 34.0000 %
47 		 9500 			 7.4585 	 118.5902 	 30.0000 %
48 		 9700 			 2.9763 	 122.3148 	 40.0000 %
49 		 9900 			 2.9766 	 104.4141 	 43.0000 %
50 		 10100 			 5.0426 	 120.1469 	 39.0000 %
51 		 10300 			 5.0426 	 122.4028 	 37.0000 %
52 		 10500 			 1.4262 	 115.9864 	 41.0000 %
53 		 10700 			 5.0426 	 101.4624 	 34.0000 %
54 		 10900 			 0.4586 	 112.7860 	 35.0000 %
55 		 11100 			 0.4586 	 112.8435 	 33.0000 %
56 		 11300 			 5.3709 	 122.5196 	 45.0000 %
57 		 11500 			 1.8100 	 125.5848 	 51.0000 %
58 		 11700 			 7.4548 	 119.7365 	 34.0000 %
59 		 11900 			 10.3394 	 120.5215 	 44.0000 %
60 		 12100 			 21.5207 	 134.7386 	 42.0000 %
61 		 12300 			 8.6155 	 126.0031 	 39.0000 %
62 		 12500 			 1.5093 	 117.4339 	 36.0000 %
63 		 12700 			 1.0827 	 111.0345 	 50.0000 %
64 		 12900 			 1.0827 	 101.9048 	 40.0000 %
65 		 13100 			 2.9597 	 91.6759 	 34.0000 %
66 		 13300 			 3.7105 	 95.1499 	 43.0000 %
67 		 13500 			 14.3080 	 107.7015 	 31.0000 %
68 		 13700 			 1.2867 	 113.0792 	 50.0000 %
69 		 13900 			 7.0645 	 109.4088 	 48.0000 %
70 		 14100 			 16.4347 	 118.2805 	 40.0000 %
71 		 14300 			 18.0928 	 110.9271 	 45.0000 %
72 		 14500 			 14.2840 	 112.6800 	 39.0000 %
73 		 14700 			 13.2245 	 122.6334 	 43.0000 %
74 		 14900 			 13.2245 	 115.0391 	 35.0000 %
75 		 15100 			 11.8128 	 117.5271 	 42.0000 %
76 		 15300 			 9.8786 	 126.6264 	 39.0000 %
77 		 15500 			 14.2840 	 114.7551 	 37.0000 %
78 		 15700 			 14.2840 	 112.9601 	 48.0000 %
79 		 15900 			 5.1452 	 120.9675 	 43.0000 %
80 		 16100 			 3.6741 	 107.6073 	 47.0000 %
81 		 16300 			 5.0426 	 115.8752 	 42.0000 %
82 		 16500 			 3.6741 	 124.1532 	 28.0000 %
83 		 16700 			 16.1450 	 120.7432 	 47.0000 %
84 		 16900 			 1.6985 	 131.2699 	 38.0000 %
85 		 17100 			 10.3538 	 133.7664 	 36.0000 %
86 		 17300 			 8.7132 	 136.9200 	 32.0000 %
87 		 17500 			 8.8763 	 136.7535 	 29.0000 %
88 		 17700 			 1.7075 	 112.7479 	 36.0000 %
89 		 17900 			 2.6938 	 113.6104 	 50.0000 %
90 		 18100 			 2.8057 	 111.9051 	 32.0000 %
91 		 18300 			 2.8057 	 105.7637 	 43.0000 %
92 		 18500 			 6.7764 	 91.4909 	 45.0000 %
93 		 18700 			 6.5287 	 96.0352 	 45.0000 %
94 		 18900 			 4.0199 	 96.0919 	 41.0000 %
95 		 19100 			 6.5287 	 97.0897 	 40.0000 %
96 		 19300 			 4.2503 	 94.1879 	 31.0000 %
97 		 19500 			 2.1388 	 109.8992 	 39.0000 %
98 		 19700 			 2.1388 	 94.9743 	 47.0000 %
99 		 19900 			 5.1929 	 78.2041 	 37.0000 %
100 		 20100 			 3.4358 	 75.2825 	 37.0000 %
101 		 20300 			 5.1929 	 76.9329 	 36.0000 %
102 		 20500 			 3.6741 	 81.8282 	 37.0000 %
103 		 20700 			 3.2092 	 81.4129 	 44.0000 %
104 		 20900 			 3.2092 	 81.1481 	 51.0000 %
105 		 21100 			 1.0437 	 82.1649 	 47.0000 %
106 		 21300 			 3.2092 	 80.4397 	 34.0000 %
107 		 21500 			 0.5635 	 68.5503 	 28.0000 %
108 		 21700 			 0.2094 	 73.2839 	 40.0000 %
109 		 21900 			 0.2094 	 70.9213 	 31.0000 %
110 		 22100 			 3.0057 	 76.0879 	 44.0000 %
111 		 22300 			 3.0057 	 79.5628 	 38.0000 %
112 		 22500 			 3.0057 	 81.4967 	 35.0000 %
113 		 22700 			 0.7932 	 85.8972 	 41.0000 %
114 		 22900 			 0.7932 	 77.2528 	 44.0000 %
115 		 23100 			 0.1561 	 77.6888 	 36.0000 %
116 		 23300 			 10.0039 	 76.2835 	 52.0000 %
117 		 23500 			 9.3736 	 72.3668 	 46.0000 %
118 		 23700 			 9.1914 	 74.0907 	 34.0000 %
119 		 23900 			 21.6509 	 75.8224 	 47.0000 %
120 		 24100 			 3.8245 	 84.8994 	 36.0000 %
121 		 24300 			 6.9268 	 79.2367 	 40.0000 %
122 		 24500 			 2.2293 	 80.6089 	 46.0000 %
123 		 24700 			 9.5814 	 79.8969 	 34.0000 %
124 		 24900 			 5.5585 	 79.0309 	 43.0000 %
125 		 25100 			 25.6250 	 77.5283 	 40.0000 %
126 		 25300 			 3.2519 	 84.9074 	 42.0000 %
127 		 25500 			 4.5457 	 92.1742 	 41.0000 %
128 		 25700 			 2.7361 	 95.4750 	 49.0000 %
129 		 25900 			 0.2094 	 104.2919 	 51.0000 %
130 		 26100 			 1.3886 	 85.6864 	 52.0000 %
131 		 26300 			 0.8081 	 81.1527 	 31.0000 %
132 		 26500 			 6.9900 	 88.4909 	 46.0000 %
133 		 26700 			 7.7539 	 87.5903 	 33.0000 %
134 		 26900 			 4.2806 	 82.7785 	 35.0000 %
135 		 27100 			 13.1816 	 101.1121 	 37.0000 %
136 		 27300 			 0.9260 	 91.5891 	 42.0000 %
137 		 27500 			 8.1232 	 97.4438 	 34.0000 %
138 		 27700 			 2.8192 	 94.4283 	 31.0000 %
139 		 27900 			 8.5858 	 94.6408 	 39.0000 %
140 		 28100 			 5.8723 	 92.5242 	 39.0000 %
141 		 28300 			 4.2484 	 94.1852 	 34.0000 %
142 		 28500 			 4.2797 	 96.9542 	 32.0000 %
143 		 28700 			 4.5078 	 108.8209 	 32.0000 %
144 		 28900 			 4.2484 	 86.9037 	 47.0000 %
145 		 29100 			 3.1127 	 79.9857 	 41.0000 %
146 		 29300 			 4.9232 	 88.6433 	 50.0000 %
147 		 29500 			 6.2539 	 88.2709 	 33.0000 %
148 		 29700 			 6.9250 	 99.3007 	 40.0000 %
149 		 29900 			 1.7831 	 109.1424 	 42.0000 %
150 		 30100 			 2.3857 	 109.9839 	 31.0000 %
151 		 30300 			 2.0676 	 103.3348 	 40.0000 %
152 		 30500 			 2.0965 	 117.2512 	 28.0000 %
153 		 30700 			 3.7172 	 113.3804 	 41.0000 %
154 		 30900 			 6.1018 	 103.8199 	 41.0000 %
155 		 31100 			 9.2662 	 91.4113 	 37.0000 %
156 		 31300 			 1.3034 	 92.9478 	 44.0000 %
157 		 31500 			 3.1099 	 89.2079 	 29.0000 %
158 		 31700 			 3.1099 	 84.4965 	 26.0000 %
159 		 31900 			 7.5707 	 94.6216 	 32.0000 %
160 		 32100 			 0.0444 	 101.0033 	 32.0000 %
161 		 32300 			 19.0326 	 123.3928 	 39.0000 %
162 		 32500 			 7.8961 	 124.9623 	 38.0000 %
163 		 32700 			 7.8961 	 131.5920 	 27.0000 %
164 		 32900 			 4.1892 	 116.6967 	 38.0000 %
165 		 33100 			 3.6453 	 123.7564 	 43.0000 %
166 		 33300 			 3.6453 	 123.7058 	 44.0000 %
167 		 33500 			 4.8893 	 116.4589 	 40.0000 %
168 		 33700 			 4.8893 	 111.5358 	 43.0000 %
169 		 33900 			 13.9921 	 111.1665 	 35.0000 %
170 		 34100 			 23.2852 	 117.1364 	 46.0000 %
171 		 34300 			 8.4569 	 108.0753 	 48.0000 %
172 		 34500 			 12.3609 	 101.2187 	 47.0000 %
173 		 34700 			 8.4569 	 100.9157 	 42.0000 %
174 		 34900 			 6.8083 	 108.5947 	 45.0000 %
175 		 35100 			 2.7307 	 108.9573 	 32.0000 %
176 		 35300 			 6.4000 	 106.3650 	 41.0000 %
177 		 35500 			 2.4112 	 92.8874 	 45.0000 %
178 		 35700 			 2.4112 	 106.0138 	 44.0000 %
179 		 35900 			 0.9712 	 108.7559 	 57.0000 %
180 		 36100 			 5.0672 	 97.6860 	 48.0000 %
181 		 36300 			 3.2000 	 84.9664 	 41.0000 %
182 		 36500 			 3.2000 	 85.0024 	 30.0000 %
183 		 36700 			 2.1810 	 81.0436 	 34.0000 %
184 		 36900 			 3.3981 	 86.5502 	 54.0000 %
185 		 37100 			 5.8346 	 68.2570 	 51.0000 %
186 		 37300 			 4.3945 	 53.1970 	 36.0000 %
187 		 37500 			 5.7023 	 46.5271 	 47.0000 %
188 		 37700 			 5.7023 	 47.0804 	 51.0000 %
189 		 37900 			 2.8318 	 39.3612 	 59.0000 %
190 		 38100 			 2.6071 	 41.9376 	 50.0000 %
191 		 38300 			 4.4165 	 51.3870 	 46.0000 %
192 		 38500 			 2.0114 	 64.4572 	 44.0000 %
193 		 38700 			 2.0676 	 61.3586 	 46.0000 %
194 		 38900 			 1.0307 	 60.4828 	 48.0000 %
195 		 39100 			 2.0676 	 49.7243 	 44.0000 %
196 		 39300 			 2.8072 	 54.3717 	 34.0000 %
197 		 39500 			 0.2646 	 59.1246 	 50.0000 %
198 		 39700 			 0.2646 	 58.8326 	 41.0000 %
199 		 39900 			 6.3516 	 62.6047 	 39.0000 %
200 		 40100 			 6.0274 	 54.3488 	 42.0000 %
201 		 40300 			 2.6295 	 58.4180 	 41.0000 %
202 		 40500 			 4.8459 	 54.9810 	 40.0000 %
203 		 40700 			 2.0556 	 65.7722 	 54.0000 %
204 		 40900 			 6.2115 	 64.2942 	 55.0000 %
205 		 41100 			 4.6216 	 61.8711 	 50.0000 %
206 		 41300 			 3.0479 	 57.1324 	 54.0000 %
207 		 41500 			 2.6071 	 61.5993 	 47.0000 %
208 		 41700 			 2.6071 	 58.8894 	 30.0000 %
209 		 41900 			 6.0105 	 60.9739 	 46.0000 %
210 		 42100 			 6.0105 	 62.8373 	 36.0000 %
211 		 42300 			 4.1355 	 65.1195 	 30.0000 %
212 		 42500 			 1.4972 	 61.5972 	 51.0000 %
213 		 42700 			 3.9644 	 60.6434 	 42.0000 %
214 		 42900 			 5.7485 	 68.3758 	 48.0000 %
215 		 43100 			 0.1616 	 58.0609 	 47.0000 %
216 		 43300 			 2.4722 	 61.1076 	 50.0000 %
217 		 43500 			 0.4291 	 56.1016 	 40.0000 %
218 		 43700 			 0.2646 	 59.4396 	 44.0000 %
219 		 43900 			 2.4722 	 66.9634 	 45.0000 %
220 		 44100 			 2.1115 	 67.9334 	 42.0000 %
221 		 44300 			 2.0785 	 64.7503 	 42.0000 %
222 		 44500 			 1.3982 	 59.6836 	 43.0000 %
223 		 44700 			 0.6965 	 48.9148 	 35.0000 %
224 		 44900 			 1.2695 	 46.0500 	 50.0000 %
225 		 45100 			 0.4038 	 56.0157 	 49.0000 %
226 		 45300 			 0.2492 	 57.0249 	 43.0000 %
227 		 45500 			 0.9712 	 63.6006 	 42.0000 %
228 		 45700 			 2.6023 	 66.1424 	 36.0000 %
229 		 45900 			 0.7113 	 66.9128 	 34.0000 %
230 		 46100 			 0.4405 	 54.7917 	 40.0000 %
231 		 46300 			 0.7113 	 53.4496 	 43.0000 %
232 		 46500 			 0.6863 	 58.4877 	 36.0000 %
233 		 46700 			 0.2067 	 60.0725 	 36.0000 %
234 		 46900 			 0.4782 	 47.8005 	 39.0000 %
235 		 47100 			 0.7231 	 55.1019 	 36.0000 %
236 		 47300 			 0.2990 	 61.8985 	 36.0000 %
237 		 47500 			 0.7113 	 49.8768 	 40.0000 %
238 		 47700 			 0.0650 	 57.9391 	 38.0000 %
239 		 47900 			 1.3517 	 66.9608 	 32.0000 %
240 		 48100 			 1.3517 	 70.8816 	 39.0000 %
241 		 48300 			 1.3517 	 59.6302 	 33.0000 %
242 		 48500 			 0.2344 	 63.8800 	 38.0000 %
243 		 48700 			 0.2344 	 53.6457 	 59.0000 %
244 		 48900 			 0.2344 	 52.9463 	 50.0000 %
245 		 49100 			 0.2344 	 51.1204 	 29.0000 %
246 		 49300 			 0.2692 	 46.9444 	 50.0000 %
247 		 49500 			 0.7231 	 48.7395 	 40.0000 %
248 		 49700 			 0.1329 	 40.2981 	 42.0000 %
249 		 49900 			 0.0331 	 43.2637 	 50.0000 %
250 		 50100 			 0.0331 	 44.3752 	 56.0000 %
251 		 50300 			 0.0331 	 44.7467 	 43.0000 %
252 		 50500 			 0.4059 	 47.2871 	 43.0000 %
253 		 50700 			 0.0034 	 47.2179 	 43.0000 %
254 		 50900 			 0.4803 	 48.4888 	 49.0000 %
255 		 51100 			 0.0979 	 43.9319 	 52.0000 %
256 		 51300 			 0.3928 	 47.6144 	 45.0000 %
257 		 51500 			 0.0034 	 45.9698 	 43.0000 %
258 		 51700 			 0.0197 	 47.5167 	 41.0000 %
259 		 51900 			 0.0979 	 58.6504 	 35.0000 %
260 		 52100 			 0.4059 	 70.8173 	 24.0000 %
261 		 52300 			 0.0197 	 69.0764 	 31.0000 %
262 		 52500 			 0.0197 	 72.9790 	 36.0000 %
263 		 52700 			 0.0000 	 74.0829 	 40.0000 %
264 		 52900 			 1.2229 	 85.1023 	 40.0000 %
265 		 53100 			 0.4803 	 83.7622 	 32.0000 %
266 		 53300 			 1.0307 	 76.8185 	 32.0000 %
267 		 53500 			 0.0197 	 78.2827 	 34.0000 %
268 		 53700 			 1.8906 	 70.2946 	 31.0000 %
269 		 53900 			 0.0733 	 67.1082 	 39.0000 %
270 		 54100 			 0.0733 	 70.6538 	 33.0000 %
271 		 54300 			 1.5059 	 74.4506 	 38.0000 %
272 		 54500 			 0.2990 	 79.4740 	 30.0000 %
273 		 54700 			 0.5081 	 81.8718 	 43.0000 %
274 		 54900 			 0.3598 	 89.1177 	 35.0000 %
275 		 55100 			 0.3541 	 77.8384 	 29.0000 %
276 		 55300 			 0.5549 	 69.8285 	 40.0000 %
277 		 55500 			 0.2235 	 73.6099 	 46.0000 %
278 		 55700 			 0.0136 	 80.4331 	 32.0000 %
279 		 55900 			 1.7592 	 78.4508 	 38.0000 %
280 		 56100 			 2.7276 	 89.0275 	 29.0000 %
281 		 56300 			 2.8732 	 83.0405 	 38.0000 %
282 		 56500 			 0.0197 	 82.6752 	 27.0000 %
283 		 56700 			 0.0197 	 80.3235 	 39.0000 %
284 		 56900 			 0.0197 	 69.3590 	 28.0000 %
285 		 57100 			 0.0197 	 66.4620 	 42.0000 %
286 		 57300 			 0.0034 	 58.0483 	 43.0000 %
287 		 57500 			 0.0034 	 61.5031 	 48.0000 %
288 		 57700 			 4.4185 	 70.8683 	 39.0000 %
289 		 57900 			 1.9839 	 66.3018 	 36.0000 %
290 		 58100 			 5.0078 	 64.6619 	 40.0000 %
291 		 58300 			 4.7856 	 58.3112 	 31.0000 %
292 		 58500 			 2.4919 	 62.0701 	 50.0000 %
293 		 58700 			 6.0982 	 65.7740 	 40.0000 %
294 		 58900 			 5.0576 	 70.7661 	 42.0000 %
295 		 59100 			 3.1223 	 84.3000 	 48.0000 %
296 		 59300 			 4.2797 	 89.0796 	 45.0000 %
297 		 59500 			 3.6496 	 86.6056 	 49.0000 %
298 		 59700 			 3.6496 	 87.6201 	 42.0000 %
299 		 59900 			 0.6980 	 89.6373 	 36.0000 %
300 		 60100 			 5.2980 	 99.4186 	 44.0000 %
301 		 60300 			 0.1389 	 109.4806 	 36.0000 %
302 		 60500 			 0.1389 	 106.7977 	 42.0000 %
303 		 60700 			 5.0982 	 109.1136 	 36.0000 %
304 		 60900 			 5.5930 	 112.7480 	 37.0000 %
305 		 61100 			 0.0005 	 98.3400 	 37.0000 %
306 		 61300 			 2.7307 	 105.2606 	 44.0000 %
307 		 61500 			 12.1130 	 105.8322 	 37.0000 %
308 		 61700 			 6.9777 	 105.6194 	 44.0000 %
309 		 61900 			 4.9390 	 116.1555 	 30.0000 %
310 		 62100 			 2.4556 	 112.7000 	 43.0000 %
311 		 62300 			 1.0940 	 123.2602 	 35.0000 %
312 		 62500 			 1.9106 	 129.9670 	 40.0000 %
313 		 62700 			 1.4349 	 141.3289 	 40.0000 %
314 		 62900 			 0.3737 	 111.7027 	 34.0000 %
315 		 63100 			 1.4349 	 121.5681 	 38.0000 %
316 		 63300 			 1.9529 	 127.3203 	 38.0000 %
317 		 63500 			 2.4919 	 120.1420 	 47.0000 %
318 		 63700 			 6.9870 	 132.0125 	 24.0000 %
319 		 63900 			 0.8459 	 149.4113 	 46.0000 %
320 		 64100 			 4.0787 	 145.7320 	 38.0000 %
321 		 64300 			 0.5736 	 155.5411 	 37.0000 %
322 		 64500 			 2.4977 	 153.7968 	 39.0000 %
323 		 64700 			 2.4977 	 155.2928 	 38.0000 %
324 		 64900 			 0.5039 	 150.9080 	 34.0000 %
325 		 65100 			 2.4977 	 153.8539 	 34.0000 %
326 		 65300 			 6.9002 	 154.9690 	 50.0000 %
327 		 65500 			 6.9002 	 153.0141 	 51.0000 %
328 		 65700 			 14.0164 	 158.1278 	 34.0000 %
329 		 65900 			 3.2455 	 127.5775 	 33.0000 %
330 		 66100 			 3.5496 	 137.9374 	 29.0000 %
331 		 66300 			 3.5496 	 159.4422 	 35.0000 %
332 		 66500 			 10.9068 	 146.8399 	 32.0000 %
333 		 66700 			 6.1675 	 134.0057 	 38.0000 %
334 		 66900 			 10.3394 	 150.5761 	 46.0000 %
335 		 67100 			 10.3394 	 144.3176 	 45.0000 %
336 		 67300 			 10.3394 	 155.8568 	 44.0000 %
337 		 67500 			 4.9273 	 139.8338 	 50.0000 %
338 		 67700 			 5.4536 	 138.8309 	 43.0000 %
339 		 67900 			 4.9273 	 129.0702 	 43.0000 %
340 		 68100 			 0.7744 	 131.2595 	 30.0000 %
341 		 68300 			 3.2747 	 137.4474 	 35.0000 %
342 		 68500 			 3.2747 	 141.8781 	 36.0000 %
343 		 68700 			 13.8614 	 146.6966 	 47.0000 %
344 		 68900 			 1.2642 	 145.8236 	 35.0000 %
345 		 69100 			 43.8084 	 148.1537 	 39.0000 %
346 		 69300 			 2.5539 	 132.7930 	 40.0000 %
347 		 69500 			 2.2153 	 125.0119 	 39.0000 %
348 		 69700 			 2.4927 	 124.1681 	 37.0000 %
349 		 69900 			 2.1088 	 112.5431 	 48.0000 %
350 		 70100 			 0.9959 	 92.0720 	 33.0000 %
351 		 70300 			 2.2786 	 100.4151 	 41.0000 %
352 		 70500 			 0.9959 	 109.8440 	 52.0000 %
353 		 70700 			 0.9959 	 108.2981 	 48.0000 %
354 		 70900 			 2.9738 	 110.1345 	 45.0000 %
355 		 71100 			 0.8691 	 86.2520 	 47.0000 %
356 		 71300 			 0.6760 	 82.8903 	 38.0000 %
357 		 71500 			 0.9126 	 94.1592 	 43.0000 %
358 		 71700 			 0.1616 	 98.5261 	 44.0000 %
359 		 71900 			 4.6211 	 103.5093 	 36.0000 %
360 		 72100 			 15.2414 	 101.4690 	 42.0000 %
361 		 72300 			 16.8063 	 107.6698 	 39.0000 %
362 		 72500 			 5.0426 	 111.6443 	 51.0000 %
363 		 72700 			 22.8491 	 123.5831 	 40.0000 %
364 		 72900 			 8.0538 	 116.5768 	 55.0000 %
365 		 73100 			 3.8955 	 137.1294 	 37.0000 %
366 		 73300 			 19.6206 	 158.1101 	 41.0000 %
367 		 73500 			 20.1028 	 167.8044 	 48.0000 %
368 		 73700 			 5.8261 	 173.4915 	 28.0000 %
369 		 73900 			 0.2975 	 172.8259 	 33.0000 %
370 		 74100 			 0.4486 	 164.6231 	 45.0000 %
371 		 74300 			 5.0982 	 147.9641 	 41.0000 %
372 		 74500 			 3.6708 	 133.1339 	 36.0000 %
373 		 74700 			 2.6956 	 135.2287 	 36.0000 %
374 		 74900 			 12.9738 	 127.8336 	 37.0000 %
375 		 75100 			 21.4267 	 128.8949 	 32.0000 %
376 		 75300 			 17.1908 	 115.0723 	 32.0000 %
377 		 75500 			 3.0979 	 103.7065 	 34.0000 %
378 		 75700 			 3.0979 	 106.1839 	 42.0000 %
379 		 75900 			 13.0903 	 108.1551 	 47.0000 %
380 		 76100 			 0.4149 	 112.3409 	 55.0000 %
381 		 76300 			 5.2553 	 122.1146 	 44.0000 %
382 		 76500 			 2.7130 	 123.4346 	 52.0000 %
383 		 76700 			 1.9398 	 119.3883 	 51.0000 %
384 		 76900 			 0.6798 	 107.7915 	 49.0000 %
385 		 77100 			 3.7187 	 115.9135 	 38.0000 %
386 		 77300 			 6.8206 	 131.6860 	 53.0000 %
387 		 77500 			 5.1978 	 104.2791 	 48.0000 %
388 		 77700 			 5.1978 	 104.4524 	 47.0000 %
389 		 77900 			 5.1978 	 121.2653 	 50.0000 %
390 		 78100 			 3.9563 	 120.9521 	 48.0000 %
391 		 78300 			 4.1439 	 123.7009 	 42.0000 %
392 		 78500 			 2.1985 	 118.5880 	 41.0000 %
393 		 78700 			 0.6694 	 109.9124 	 31.0000 %
394 		 78900 			 0.6694 	 110.2971 	 39.0000 %
395 		 79100 			 11.0292 	 116.0946 	 41.0000 %
396 		 79300 			 13.2229 	 124.2257 	 43.0000 %
397 		 79500 			 5.6737 	 134.6154 	 24.0000 %
398 		 79700 			 9.1247 	 140.3521 	 31.0000 %
399 		 79900 			 7.9010 	 123.9738 	 44.0000 %
400 		 80100 			 12.4679 	 126.8205 	 41.0000 %
401 		 80300 			 10.8450 	 136.5114 	 39.0000 %
402 		 80500 			 0.2365 	 128.1210 	 43.0000 %
403 		 80700 			 0.5167 	 134.5002 	 44.0000 %
404 		 80900 			 1.6499 	 128.2077 	 36.0000 %
405 		 81100 			 1.9404 	 123.9280 	 35.0000 %
406 		 81300 			 1.9404 	 132.5369 	 31.0000 %
407 		 81500 			 13.4231 	 120.5010 	 39.0000 %
408 		 81700 			 13.4231 	 119.2406 	 40.0000 %
409 		 81900 			 13.4231 	 124.6842 	 51.0000 %
410 		 82100 			 13.4231 	 120.2170 	 39.0000 %
411 		 82300 			 16.2385 	 130.3859 	 40.0000 %
412 		 82500 			 15.5320 	 106.4939 	 34.0000 %
413 		 82700 			 15.5320 	 103.9877 	 53.0000 %
414 		 82900 			 17.9227 	 110.3078 	 40.0000 %
415 		 83100 			 1.1818 	 115.2559 	 37.0000 %
416 		 83300 			 14.8214 	 107.7851 	 31.0000 %
417 		 83500 			 14.8214 	 105.5290 	 48.0000 %
418 		 83700 			 12.4679 	 106.0555 	 51.0000 %
419 		 83900 			 12.5581 	 98.9441 	 44.0000 %
420 		 84100 			 10.4364 	 102.5555 	 42.0000 %
421 		 84300 			 18.7081 	 94.9985 	 39.0000 %
422 		 84500 			 4.9273 	 94.1417 	 52.0000 %
423 		 84700 			 4.9273 	 102.1168 	 46.0000 %
424 		 84900 			 0.2659 	 105.2893 	 41.0000 %
425 		 85100 			 0.2659 	 104.9058 	 30.0000 %
426 		 85300 			 0.2659 	 105.6224 	 37.0000 %
427 		 85500 			 0.2659 	 109.9929 	 40.0000 %
428 		 85700 			 27.5643 	 109.2508 	 45.0000 %
429 		 85900 			 31.5678 	 107.9839 	 47.0000 %
430 		 86100 			 10.6421 	 106.7210 	 36.0000 %
431 		 86300 			 10.5253 	 108.6499 	 32.0000 %
432 		 86500 			 14.7515 	 105.0566 	 44.0000 %
433 		 86700 			 7.7759 	 95.4821 	 46.0000 %
434 		 86900 			 6.2913 	 91.2564 	 47.0000 %
435 		 87100 			 0.4405 	 103.1243 	 33.0000 %
436 		 87300 			 8.5317 	 96.9339 	 29.0000 %
437 		 87500 			 17.4785 	 101.7491 	 43.0000 %
438 		 87700 			 0.0358 	 104.1217 	 51.0000 %
439 		 87900 			 1.6873 	 103.8057 	 38.0000 %
440 		 88100 			 15.0089 	 110.2445 	 34.0000 %
441 		 88300 			 6.8692 	 107.0473 	 36.0000 %
442 		 88500 			 6.8692 	 104.9724 	 33.0000 %
443 		 88700 			 17.5322 	 115.3246 	 46.0000 %
444 		 88900 			 17.2027 	 112.0497 	 49.0000 %
445 		 89100 			 2.4377 	 114.0465 	 33.0000 %
446 		 89300 			 15.1035 	 117.7943 	 34.0000 %
447 		 89500 			 17.8091 	 120.5895 	 43.0000 %
448 		 89700 			 10.6564 	 108.1793 	 40.0000 %
449 		 89900 			 5.4810 	 108.0586 	 47.0000 %
450 		 90100 			 0.4104 	 109.3040 	 42.0000 %
451 		 90300 			 9.6904 	 106.2928 	 38.0000 %
452 		 90500 			 6.0039 	 107.4878 	 39.0000 %
453 		 90700 			 0.2519 	 106.0796 	 38.0000 %
454 		 90900 			 0.2519 	 96.1200 	 35.0000 %
455 		 91100 			 3.3981 	 89.8887 	 45.0000 %
456 		 91300 			 3.7615 	 89.7964 	 47.0000 %
457 		 91500 			 5.4651 	 89.0040 	 33.0000 %
458 		 91700 			 3.8013 	 84.3176 	 40.0000 %
459 		 91900 			 5.5575 	 84.0556 	 37.0000 %
460 		 92100 			 6.0546 	 96.7706 	 38.0000 %
461 		 92300 			 4.5190 	 89.6586 	 46.0000 %
462 		 92500 			 1.7911 	 89.4306 	 41.0000 %
463 		 92700 			 6.2597 	 85.6363 	 42.0000 %
464 		 92900 			 6.1187 	 92.9184 	 27.0000 %
465 		 93100 			 5.5273 	 96.7018 	 35.0000 %
466 		 93300 			 6.6765 	 101.9680 	 42.0000 %
467 		 93500 			 3.7182 	 100.9368 	 42.0000 %
468 		 93700 			 3.5442 	 102.1210 	 40.0000 %
469 		 93900 			 0.5821 	 108.2834 	 36.0000 %
470 		 94100 			 1.9822 	 100.1689 	 38.0000 %
471 		 94300 			 6.3585 	 118.7050 	 39.0000 %
472 		 94500 			 1.3811 	 106.6261 	 41.0000 %
473 		 94700 			 0.1475 	 91.6966 	 38.0000 %
474 		 94900 			 3.9890 	 111.3149 	 44.0000 %
475 		 95100 			 2.2948 	 93.7736 	 49.0000 %
476 		 95300 			 1.2040 	 84.8116 	 36.0000 %
477 		 95500 			 3.2000 	 86.5032 	 37.0000 %
478 		 95700 			 5.6054 	 91.4832 	 39.0000 %
479 		 95900 			 0.7999 	 83.9443 	 44.0000 %
480 		 96100 			 0.0666 	 67.5761 	 31.0000 %
481 		 96300 			 0.6106 	 71.7012 	 40.0000 %
482 		 96500 			 0.0365 	 70.1754 	 43.0000 %
483 		 96700 			 0.9155 	 73.4760 	 41.0000 %
484 		 96900 			 0.2384 	 60.9300 	 43.0000 %
485 		 97100 			 1.9728 	 75.6718 	 36.0000 %
486 		 97300 			 1.1358 	 78.2927 	 37.0000 %
487 		 97500 			 1.0205 	 78.0176 	 43.0000 %
488 		 97700 			 2.1810 	 72.9331 	 34.0000 %
489 		 97900 			 0.2636 	 73.1098 	 45.0000 %
490 		 98100 			 0.2636 	 59.7682 	 50.0000 %
491 		 98300 			 0.0510 	 65.0539 	 40.0000 %
492 		 98500 			 0.7145 	 65.2791 	 31.0000 %
493 		 98700 			 0.6301 	 67.8585 	 48.0000 %
494 		 98900 			 2.2072 	 75.0936 	 43.0000 %
495 		 99100 			 0.2981 	 79.6237 	 37.0000 %
496 		 99300 			 0.2981 	 67.7933 	 41.0000 %
497 		 99500 			 0.2384 	 65.1496 	 49.0000 %
498 		 99700 			 0.2384 	 71.1379 	 45.0000 %
499 		 99900 			 0.2384 	 73.1846 	 38.0000 %
500 		 100100 			 0.7307 	 83.2204 	 39.0000 %
501 		 100300 			 2.0692 	 81.8520 	 40.0000 %
502 		 100500 			 1.8557 	 73.0165 	 46.0000 %
503 		 100700 			 8.0538 	 73.1166 	 32.0000 %
504 		 100900 			 11.5530 	 78.4127 	 33.0000 %
505 		 101100 			 6.3158 	 87.1845 	 41.0000 %
506 		 101300 			 2.2010 	 88.3381 	 30.0000 %
507 		 101500 			 2.0692 	 68.7802 	 34.0000 %
508 		 101700 			 1.0646 	 70.8898 	 31.0000 %
509 		 101900 			 1.0646 	 87.2087 	 33.0000 %
510 		 102100 			 2.0252 	 89.5863 	 28.0000 %
511 		 102300 			 0.8042 	 89.8382 	 38.0000 %
512 		 102500 			 0.9220 	 91.6638 	 31.0000 %
513 		 102700 			 0.7330 	 93.5134 	 32.0000 %
514 		 102900 			 0.3352 	 89.5011 	 33.0000 %
515 		 103100 			 1.6897 	 81.2632 	 36.0000 %
516 		 103300 			 1.6897 	 74.6813 	 34.0000 %
517 		 103500 			 1.6897 	 71.6273 	 40.0000 %
518 		 103700 			 0.4680 	 81.5988 	 33.0000 %
519 		 103900 			 0.4680 	 99.9345 	 39.0000 %
520 		 104100 			 0.1561 	 96.1726 	 40.0000 %
521 		 104300 			 0.2815 	 96.6666 	 41.0000 %
522 		 104500 			 0.3252 	 115.5782 	 35.0000 %
523 		 104700 			 0.4944 	 128.9880 	 44.0000 %
524 		 104900 			 0.2740 	 120.1282 	 39.0000 %
525 		 105100 			 0.2740 	 92.8127 	 43.0000 %
526 		 105300 			 0.2740 	 90.3087 	 41.0000 %
527 		 105500 			 0.4622 	 96.2168 	 32.0000 %
528 		 105700 			 5.1132 	 103.5310 	 38.0000 %
529 		 105900 			 14.6825 	 106.7461 	 38.0000 %
530 		 106100 			 1.2229 	 125.3222 	 54.0000 %
531 		 106300 			 0.5759 	 109.4547 	 36.0000 %
532 		 106500 			 1.2229 	 99.3508 	 30.0000 %
533 		 106700 			 1.2229 	 83.7439 	 43.0000 %
534 		 106900 			 5.9380 	 73.2713 	 42.0000 %
535 		 107100 			 0.4412 	 72.9817 	 42.0000 %
536 		 107300 			 1.1279 	 79.2162 	 24.0000 %
537 		 107500 			 0.4412 	 89.9323 	 31.0000 %
538 		 107700 			 4.6822 	 97.8838 	 34.0000 %
539 		 107900 			 0.0645 	 120.8471 	 48.0000 %
540 		 108100 			 3.9991 	 118.6681 	 40.0000 %
541 		 108300 			 2.8905 	 130.6785 	 39.0000 %
542 		 108500 			 7.7701 	 133.2721 	 41.0000 %
543 		 108700 			 2.7361 	 131.7673 	 40.0000 %
544 		 108900 			 5.1489 	 128.9831 	 38.0000 %
545 		 109100 			 6.3742 	 120.8143 	 28.0000 %
546 		 109300 			 10.0424 	 126.5477 	 27.0000 %
547 		 109500 			 0.7105 	 128.4445 	 39.0000 %
548 		 109700 			 3.1176 	 120.5562 	 34.0000 %
549 		 109900 			 0.7105 	 119.2771 	 34.0000 %
550 		 110100 			 3.1176 	 122.3819 	 36.0000 %
551 		 110300 			 7.4561 	 127.1253 	 30.0000 %
552 		 110500 			 0.1834 	 130.1722 	 30.0000 %
553 		 110700 			 11.0671 	 128.7824 	 51.0000 %
554 		 110900 			 11.0671 	 115.3782 	 33.0000 %
555 		 111100 			 0.5424 	 118.8211 	 54.0000 %
556 		 111300 			 0.5424 	 127.6968 	 33.0000 %
557 		 111500 			 1.2741 	 125.8506 	 32.0000 %
558 		 111700 			 1.7541 	 107.7655 	 31.0000 %
559 		 111900 			 0.1834 	 94.1419 	 43.0000 %
560 		 112100 			 0.3046 	 102.6851 	 45.0000 %
561 		 112300 			 4.9060 	 100.7508 	 55.0000 %
562 		 112500 			 1.9398 	 102.3380 	 35.0000 %
563 		 112700 			 0.6914 	 93.6094 	 32.0000 %
564 		 112900 			 3.1685 	 84.3760 	 39.0000 %
565 		 113100 			 4.9060 	 93.3641 	 39.0000 %
566 		 113300 			 0.7099 	 80.6522 	 42.0000 %
567 		 113500 			 0.0369 	 79.7629 	 24.0000 %
568 		 113700 			 0.0369 	 84.2403 	 36.0000 %
569 		 113900 			 0.0369 	 85.0516 	 31.0000 %
570 		 114100 			 0.0369 	 66.4959 	 32.0000 %
571 		 114300 			 5.3274 	 71.9437 	 30.0000 %
572 		 114500 			 0.0369 	 67.9454 	 34.0000 %
573 		 114700 			 8.2707 	 69.5916 	 35.0000 %
574 		 114900 			 5.8579 	 70.2608 	 35.0000 %
575 		 115100 			 1.4217 	 74.1599 	 35.0000 %
576 		 115300 			 5.6306 	 78.9948 	 39.0000 %
577 		 115500 			 3.0849 	 74.4202 	 47.0000 %
578 		 115700 			 1.6152 	 71.9204 	 44.0000 %
579 		 115900 			 4.8253 	 67.6545 	 52.0000 %
580 		 116100 			 4.0801 	 64.3125 	 38.0000 %
581 		 116300 			 4.6683 	 59.8461 	 41.0000 %
582 		 116500 			 1.9596 	 73.0050 	 47.0000 %
583 		 116700 			 1.7467 	 77.4555 	 36.0000 %
584 		 116900 			 1.3504 	 80.6193 	 35.0000 %
585 		 117100 			 1.3504 	 90.7150 	 33.0000 %
586 		 117300 			 2.0623 	 93.0587 	 41.0000 %
587 		 117500 			 2.0623 	 89.6008 	 37.0000 %
588 		 117700 			 2.0623 	 94.9845 	 34.0000 %
589 		 117900 			 1.0646 	 76.7473 	 38.0000 %
590 		 118100 			 1.0646 	 64.4922 	 36.0000 %
591 		 118300 			 1.5299 	 60.9740 	 38.0000 %
592 		 118500 			 1.4942 	 69.6444 	 34.0000 %
593 		 118700 			 1.4764 	 69.3800 	 32.0000 %
594 		 118900 			 0.6703 	 86.9013 	 29.0000 %
595 		 119100 			 3.3556 	 69.5364 	 25.0000 %
596 		 119300 			 0.5226 	 69.0869 	 41.0000 %
597 		 119500 			 0.7330 	 72.6748 	 25.0000 %
598 		 119700 			 0.4680 	 69.7351 	 31.0000 %
599 		 119900 			 0.2669 	 59.3881 	 42.0000 %
600 		 120100 			 0.0666 	 50.4179 	 34.0000 %
601 		 120300 			 0.0752 	 47.2114 	 34.0000 %
602 		 120500 			 1.4689 	 49.4500 	 19.0000 %
603 		 120700 			 0.1801 	 50.1678 	 46.0000 %
604 		 120900 			 1.0147 	 54.5260 	 24.0000 %
605 		 121100 			 0.1319 	 43.7760 	 30.0000 %
606 		 121300 			 0.1319 	 39.5421 	 38.0000 %
607 		 121500 			 0.5882 	 43.5357 	 52.0000 %
608 		 121700 			 0.6682 	 42.0527 	 53.0000 %
609 		 121900 			 0.0358 	 37.3516 	 43.0000 %
610 		 122100 			 0.2038 	 55.3481 	 29.0000 %
611 		 122300 			 1.1216 	 55.3696 	 32.0000 %
612 		 122500 			 3.3646 	 62.3816 	 46.0000 %
613 		 122700 			 1.6379 	 68.7896 	 48.0000 %
614 		 122900 			 1.5923 	 75.1445 	 43.0000 %
615 		 123100 			 1.1358 	 77.1667 	 45.0000 %
616 		 123300 			 1.0675 	 83.9621 	 42.0000 %
617 		 123500 			 1.1358 	 88.5093 	 36.0000 %
618 		 123700 			 0.7864 	 82.7549 	 32.0000 %
619 		 123900 			 3.5082 	 88.9406 	 47.0000 %
620 		 124100 			 1.1358 	 83.3208 	 43.0000 %
621 		 124300 			 0.9826 	 80.2978 	 44.0000 %
622 		 124500 			 1.2040 	 74.6819 	 45.0000 %
623 		 124700 			 1.2040 	 76.2914 	 39.0000 %
624 		 124900 			 1.2040 	 64.0141 	 38.0000 %
625 		 125100 			 1.2083 	 74.2812 	 40.0000 %
626 		 125300 			 1.2083 	 71.4830 	 37.0000 %
627 		 125500 			 5.4651 	 76.0204 	 31.0000 %
628 		 125700 			 2.8587 	 64.9249 	 34.0000 %
629 		 125900 			 0.4611 	 63.6700 	 43.0000 %
630 		 126100 			 1.5158 	 68.3810 	 32.0000 %
631 		 126300 			 1.5158 	 74.4666 	 44.0000 %
632 		 126500 			 1.5158 	 63.8362 	 48.0000 %
633 		 126700 			 1.0579 	 54.1827 	 46.0000 %
634 		 126900 			 1.0579 	 55.5896 	 40.0000 %
635 		 127100 			 1.0579 	 61.7073 	 46.0000 %
636 		 127300 			 5.4575 	 71.5685 	 51.0000 %
637 		 127500 			 0.5813 	 81.3964 	 35.0000 %
638 		 127700 			 2.7368 	 81.3358 	 41.0000 %
639 		 127900 			 2.9766 	 84.8054 	 50.0000 %
640 		 128100 			 4.0233 	 82.4657 	 48.0000 %
641 		 128300 			 2.4807 	 67.8368 	 46.0000 %
642 		 128500 			 2.4905 	 73.6779 	 50.0000 %
643 		 128700 			 1.0105 	 72.4638 	 41.0000 %
644 		 128900 			 5.0078 	 86.6440 	 32.0000 %
645 		 129100 			 0.1121 	 92.4046 	 53.0000 %
646 		 129300 			 3.3501 	 79.7884 	 52.0000 %
647 		 129500 			 2.1074 	 73.0005 	 43.0000 %
648 		 129700 			 3.7277 	 74.7877 	 44.0000 %
649 		 129900 			 2.2344 	 71.4754 	 46.0000 %
650 		 130100 			 0.9469 	 75.7797 	 39.0000 %
651 		 130300 			 1.3113 	 80.3262 	 45.0000 %
652 		 130500 			 4.5803 	 73.5059 	 58.0000 %
653 		 130700 			 5.0078 	 75.3988 	 52.0000 %
654 		 130900 			 7.3284 	 75.9322 	 45.0000 %
655 		 131100 			 0.7330 	 83.0831 	 44.0000 %
656 		 131300 			 0.7330 	 81.4454 	 40.0000 %
657 		 131500 			 0.7330 	 88.8857 	 42.0000 %
658 		 131700 			 0.0358 	 79.8305 	 29.0000 %
659 		 131900 			 0.0358 	 91.7246 	 44.0000 %
660 		 132100 			 10.4690 	 100.0465 	 44.0000 %
661 		 132300 			 7.1399 	 104.5124 	 44.0000 %
662 		 132500 			 2.7075 	 106.9504 	 46.0000 %
663 		 132700 			 2.4705 	 111.8121 	 38.0000 %
664 		 132900 			 2.4705 	 104.5279 	 36.0000 %
665 		 133100 			 2.4705 	 103.2430 	 52.0000 %
666 		 133300 			 2.2479 	 109.4553 	 44.0000 %
667 		 133500 			 2.7456 	 109.6744 	 39.0000 %
668 		 133700 			 5.2498 	 104.9598 	 31.0000 %
669 		 133900 			 5.2498 	 97.3522 	 39.0000 %
670 		 134100 			 10.0294 	 98.0941 	 39.0000 %
671 		 134300 			 12.8574 	 102.3701 	 31.0000 %
672 		 134500 			 12.8574 	 108.5231 	 51.0000 %
673 		 134700 			 19.6668 	 110.4076 	 47.0000 %
674 		 134900 			 20.6216 	 110.2028 	 47.0000 %
675 		 135100 			 11.0686 	 118.7190 	 60.0000 %
676 		 135300 			 8.3385 	 110.0234 	 48.0000 %
677 		 135500 			 8.3324 	 120.3774 	 40.0000 %
678 		 135700 			 6.6025 	 115.1588 	 42.0000 %
679 		 135900 			 5.9985 	 105.5475 	 43.0000 %
680 		 136100 			 11.0686 	 103.7505 	 45.0000 %
681 		 136300 			 3.5368 	 93.6742 	 44.0000 %
682 		 136500 			 3.5368 	 91.9955 	 45.0000 %
683 		 136700 			 3.5368 	 91.4590 	 42.0000 %
684 		 136900 			 3.5368 	 91.7114 	 52.0000 %
685 		 137100 			 0.8404 	 92.0223 	 47.0000 %
686 		 137300 			 3.8846 	 88.9209 	 41.0000 %
687 		 137500 			 3.5368 	 98.6154 	 41.0000 %
688 		 137700 			 11.4054 	 88.3395 	 44.0000 %
689 		 137900 			 11.4054 	 87.8011 	 41.0000 %
690 		 138100 			 8.0901 	 84.7446 	 40.0000 %
691 		 138300 			 1.9398 	 81.0266 	 44.0000 %
692 		 138500 			 1.9398 	 79.8327 	 39.0000 %
693 		 138700 			 0.3168 	 91.5206 	 39.0000 %
694 		 138900 			 0.1069 	 82.1939 	 36.0000 %
695 		 139100 			 1.9398 	 83.6539 	 26.0000 %
696 		 139300 			 2.1625 	 78.7843 	 28.0000 %
697 		 139500 			 2.6412 	 72.0133 	 41.0000 %
698 		 139700 			 5.5900 	 73.0228 	 43.0000 %
699 		 139900 			 1.1922 	 73.0564 	 51.0000 %
700 		 140100 			 1.1922 	 79.2619 	 37.0000 %
701 		 140300 			 1.1922 	 77.6522 	 30.0000 %
702 		 140500 			 1.1922 	 76.7121 	 43.0000 %
703 		 140700 			 6.1201 	 78.7187 	 44.0000 %
704 		 140900 			 5.2312 	 78.6235 	 33.0000 %
705 		 141100 			 5.2312 	 77.2260 	 35.0000 %
706 		 141300 			 2.4348 	 81.0721 	 37.0000 %
707 		 141500 			 4.6989 	 87.9994 	 45.0000 %
708 		 141700 			 3.0849 	 88.9267 	 40.0000 %
709 		 141900 			 1.9398 	 78.9238 	 35.0000 %
710 		 142100 			 2.1111 	 81.7508 	 45.0000 %
711 		 142300 			 2.1111 	 82.7952 	 38.0000 %
712 		 142500 			 2.8586 	 77.4244 	 42.0000 %
713 		 142700 			 5.3364 	 84.7167 	 39.0000 %
714 		 142900 			 5.3364 	 97.5749 	 35.0000 %
715 		 143100 			 3.5469 	 103.6964 	 51.0000 %
716 		 143300 			 1.7201 	 117.1597 	 37.0000 %
717 		 143500 			 4.0801 	 111.4584 	 45.0000 %
718 		 143700 			 2.5888 	 108.8996 	 45.0000 %
719 		 143900 			 2.3001 	 125.3965 	 29.0000 %
720 		 144100 			 2.3001 	 122.5040 	 31.0000 %
721 		 144300 			 8.0771 	 115.6260 	 42.0000 %
722 		 144500 			 6.0374 	 110.0777 	 37.0000 %
723 		 144700 			 6.5861 	 100.6312 	 41.0000 %
724 		 144900 			 6.5299 	 106.3325 	 33.0000 %
725 		 145100 			 4.8266 	 111.0391 	 43.0000 %
726 		 145300 			 7.8631 	 98.7482 	 37.0000 %
727 		 145500 			 0.2805 	 106.3761 	 33.0000 %
728 		 145700 			 0.1848 	 106.6940 	 34.0000 %
729 		 145900 			 0.1848 	 98.2700 	 47.0000 %
730 		 146100 			 2.8600 	 103.9168 	 36.0000 %
731 		 146300 			 3.5909 	 101.2301 	 41.0000 %
732 		 146500 			 4.1340 	 96.2161 	 39.0000 %
733 		 146700 			 0.7105 	 76.3869 	 46.0000 %
734 		 146900 			 0.0136 	 72.1997 	 37.0000 %
735 		 147100 			 0.0136 	 73.2741 	 47.0000 %
736 		 147300 			 1.6819 	 87.3341 	 40.0000 %
737 		 147500 			 1.4277 	 80.6607 	 40.0000 %
738 		 147700 			 0.3973 	 76.4336 	 43.0000 %
739 		 147900 			 0.3973 	 67.9313 	 33.0000 %
740 		 148100 			 0.2424 	 55.5737 	 25.0000 %
741 		 148300 			 0.1329 	 59.4043 	 39.0000 %
742 		 148500 			 0.1329 	 62.9425 	 44.0000 %
743 		 148700 			 0.1329 	 80.6550 	 29.0000 %
744 		 148900 			 0.0331 	 74.5601 	 43.0000 %
745 		 149100 			 0.1329 	 78.7594 	 39.0000 %
746 		 149300 			 0.0331 	 84.8139 	 30.0000 %
747 		 149500 			 0.0331 	 83.2792 	 40.0000 %
748 		 149700 			 0.0331 	 82.9293 	 40.0000 %
749 		 149900 			 2.6903 	 98.8784 	 42.0000 %
750 		 150100 			 3.8277 	 99.3890 	 39.0000 %
751 		 150300 			 3.9270 	 111.6327 	 44.0000 %
752 		 150500 			 7.6606 	 109.5428 	 44.0000 %
753 		 150700 			 4.8714 	 93.0728 	 39.0000 %
754 		 150900 			 4.9384 	 92.5113 	 49.0000 %
755 		 151100 			 3.8277 	 84.9929 	 51.0000 %
756 		 151300 			 2.3245 	 95.1978 	 41.0000 %
757 		 151500 			 4.8714 	 113.4456 	 44.0000 %
758 		 151700 			 2.5673 	 102.9413 	 32.0000 %
759 		 151900 			 2.9541 	 97.8215 	 38.0000 %
760 		 152100 			 1.7338 	 93.6555 	 38.0000 %
761 		 152300 			 1.7987 	 108.4715 	 49.0000 %
762 		 152500 			 1.7987 	 113.7835 	 41.0000 %
763 		 152700 			 8.3866 	 134.1222 	 33.0000 %
764 		 152900 			 9.1201 	 135.0736 	 56.0000 %
765 		 153100 			 9.1201 	 132.5762 	 41.0000 %
766 		 153300 			 6.4024 	 140.8483 	 40.0000 %
767 		 153500 			 5.8511 	 124.2171 	 37.0000 %
768 		 153700 			 8.9129 	 118.3980 	 52.0000 %
769 		 153900 			 6.9358 	 117.2779 	 48.0000 %
770 		 154100 			 6.8499 	 116.7979 	 46.0000 %
771 		 154300 			 7.3947 	 113.2844 	 52.0000 %
772 		 154500 			 7.9329 	 107.1141 	 42.0000 %
773 		 154700 			 1.1563 	 94.0685 	 39.0000 %
774 		 154900 			 1.1563 	 81.7271 	 42.0000 %
775 		 155100 			 1.1563 	 69.4194 	 43.0000 %
776 		 155300 			 1.5923 	 77.1219 	 45.0000 %
777 		 155500 			 2.2948 	 71.5364 	 54.0000 %
778 		 155700 			 2.5976 	 69.5949 	 51.0000 %
779 		 155900 			 0.5662 	 54.3683 	 37.0000 %
780 		 156100 			 2.2757 	 56.1669 	 46.0000 %
781 		 156300 			 2.5976 	 51.5251 	 46.0000 %
782 		 156500 			 4.2078 	 49.8417 	 51.0000 %
783 		 156700 			 1.6914 	 47.2363 	 43.0000 %
784 		 156900 			 1.1153 	 70.3086 	 52.0000 %
785 		 157100 			 0.0650 	 62.2724 	 45.0000 %
786 		 157300 			 0.0000 	 59.5554 	 47.0000 %
787 		 157500 			 0.0000 	 55.6068 	 36.0000 %
788 		 157700 			 2.5976 	 61.6215 	 57.0000 %
789 		 157900 			 0.3979 	 65.5731 	 43.0000 %
790 		 158100 			 0.2384 	 82.3801 	 46.0000 %
791 		 158300 			 0.2384 	 90.7310 	 44.0000 %
792 		 158500 			 0.2384 	 91.2046 	 47.0000 %
793 		 158700 			 2.8945 	 90.8626 	 34.0000 %
794 		 158900 			 3.4281 	 97.1421 	 46.0000 %
795 		 159100 			 7.9622 	 105.2662 	 48.0000 %
796 		 159300 			 3.1907 	 101.1699 	 43.0000 %
797 		 159500 			 3.1907 	 87.1939 	 51.0000 %
798 		 159700 			 1.5837 	 79.5564 	 37.0000 %
799 		 159900 			 0.1121 	 69.3938 	 41.0000 %
800 		 160100 			 0.1121 	 69.3374 	 42.0000 %
801 		 160300 			 5.5575 	 73.7410 	 34.0000 %
802 		 160500 			 2.8945 	 64.4582 	 40.0000 %
803 		 160700 			 3.1392 	 61.8933 	 49.0000 %
804 		 160900 			 2.0965 	 73.4001 	 38.0000 %
805 		 161100 			 2.0965 	 75.5472 	 43.0000 %
806 		 161300 			 3.5907 	 72.9032 	 30.0000 %
807 		 161500 			 0.9919 	 77.6158 	 32.0000 %
808 		 161700 			 1.8799 	 78.6799 	 42.0000 %
809 		 161900 			 1.3903 	 66.1529 	 33.0000 %
810 		 162100 			 0.0164 	 73.2201 	 46.0000 %
811 		 162300 			 1.3903 	 74.8954 	 33.0000 %
812 		 162500 			 0.8251 	 82.3687 	 45.0000 %
813 		 162700 			 0.1121 	 89.3234 	 40.0000 %
814 		 162900 			 0.3635 	 84.8044 	 49.0000 %
815 		 163100 			 1.2642 	 80.7884 	 43.0000 %
816 		 163300 			 0.2646 	 74.7616 	 37.0000 %
817 		 163500 			 0.2646 	 82.2317 	 35.0000 %
818 		 163700 			 0.8079 	 73.6839 	 25.0000 %
819 		 163900 			 0.1616 	 71.4778 	 37.0000 %
820 		 164100 			 0.1616 	 61.7940 	 43.0000 %
821 		 164300 			 0.1616 	 63.6897 	 32.0000 %
822 		 164500 			 0.1616 	 62.5512 	 29.0000 %
823 		 164700 			 1.4447 	 64.0704 	 32.0000 %
824 		 164900 			 0.7727 	 72.4563 	 39.0000 %
825 		 165100 			 0.7727 	 80.3172 	 50.0000 %
826 		 165300 			 2.7417 	 88.2787 	 43.0000 %
827 		 165500 			 2.2472 	 98.6756 	 32.0000 %
828 		 165700 			 0.6122 	 105.7793 	 40.0000 %
829 		 165900 			 0.7349 	 105.6138 	 34.0000 %
830 		 166100 			 0.4952 	 95.5547 	 49.0000 %
831 		 166300 			 4.9273 	 116.2133 	 33.0000 %
832 		 166500 			 0.0510 	 109.4883 	 37.0000 %
833 		 166700 			 13.4680 	 109.4704 	 29.0000 %
834 		 166900 			 0.4662 	 91.8312 	 36.0000 %
835 		 167100 			 9.0991 	 101.0279 	 41.0000 %
836 		 167300 			 14.3214 	 107.8867 	 36.0000 %
837 		 167500 			 1.3120 	 114.0270 	 40.0000 %
838 		 167700 			 1.3120 	 121.4367 	 43.0000 %
839 		 167900 			 1.2324 	 120.5586 	 38.0000 %
840 		 168100 			 1.3120 	 117.6687 	 43.0000 %
841 		 168300 			 2.5305 	 109.5402 	 31.0000 %
842 		 168500 			 0.3635 	 99.3870 	 45.0000 %
843 		 168700 			 0.5464 	 106.2066 	 48.0000 %
844 		 168900 			 0.5464 	 100.2929 	 46.0000 %
845 		 169100 			 1.5253 	 106.6465 	 41.0000 %
846 		 169300 			 3.8746 	 111.6310 	 34.0000 %
847 		 169500 			 2.1424 	 99.5002 	 42.0000 %
848 		 169700 			 2.1424 	 99.6352 	 30.0000 %
849 		 169900 			 1.0022 	 99.9181 	 28.0000 %
850 		 170100 			 1.2285 	 100.6873 	 36.0000 %
851 		 170300 			 2.7588 	 95.4610 	 31.0000 %
852 		 170500 			 1.5159 	 93.1515 	 44.0000 %
853 		 170700 			 11.3326 	 86.6709 	 31.0000 %
854 		 170900 			 0.6172 	 94.2759 	 33.0000 %
855 		 171100 			 1.1730 	 90.8264 	 38.0000 %
856 		 171300 			 2.5671 	 86.4015 	 33.0000 %
857 		 171500 			 3.2635 	 94.3861 	 30.0000 %
858 		 171700 			 2.2971 	 109.2641 	 31.0000 %
859 		 171900 			 5.1028 	 109.8225 	 35.0000 %
860 		 172100 			 0.5396 	 96.7587 	 42.0000 %
861 		 172300 			 0.5090 	 102.2300 	 30.0000 %
862 		 172500 			 2.4961 	 106.6860 	 41.0000 %
863 		 172700 			 3.7054 	 114.1401 	 34.0000 %
864 		 172900 			 3.7054 	 108.0945 	 44.0000 %
865 		 173100 			 3.5103 	 117.3639 	 35.0000 %
866 		 173300 			 3.5103 	 113.8775 	 40.0000 %
867 		 173500 			 1.3869 	 109.9275 	 25.0000 %
868 		 173700 			 2.2861 	 103.0081 	 34.0000 %
869 		 173900 			 0.6170 	 91.4213 	 42.0000 %
870 		 174100 			 1.3539 	 90.4441 	 34.0000 %
871 		 174300 			 3.4130 	 90.2186 	 38.0000 %
872 		 174500 			 6.0833 	 90.0217 	 39.0000 %
873 		 174700 			 1.9431 	 100.2061 	 36.0000 %
874 		 174900 			 1.4807 	 93.7159 	 44.0000 %
875 		 175100 			 1.5881 	 97.5231 	 44.0000 %
876 		 175300 			 1.5881 	 108.5116 	 38.0000 %
877 		 175500 			 5.3298 	 106.4453 	 48.0000 %
878 		 175700 			 5.5067 	 105.7542 	 36.0000 %
879 		 175900 			 7.3994 	 117.2644 	 32.0000 %
880 		 176100 			 2.4927 	 118.4595 	 50.0000 %
881 		 176300 			 2.4927 	 121.4125 	 34.0000 %
882 		 176500 			 2.4927 	 127.9481 	 52.0000 %
883 		 176700 			 2.4927 	 116.7140 	 36.0000 %
884 		 176900 			 2.7742 	 111.0862 	 35.0000 %
885 		 177100 			 2.2861 	 107.0339 	 32.0000 %
886 		 177300 			 2.2861 	 99.4620 	 53.0000 %
887 		 177500 			 2.2861 	 81.0055 	 41.0000 %
888 		 177700 			 1.4256 	 89.9994 	 42.0000 %
889 		 177900 			 3.9624 	 91.4227 	 45.0000 %
890 		 178100 			 1.2058 	 93.3203 	 35.0000 %
891 		 178300 			 4.0648 	 95.6944 	 45.0000 %
892 		 178500 			 6.7805 	 89.4787 	 44.0000 %
893 		 178700 			 3.0382 	 89.8006 	 29.0000 %
894 		 178900 			 5.1450 	 91.0007 	 29.0000 %
895 		 179100 			 9.3741 	 95.0101 	 40.0000 %
896 		 179300 			 2.7525 	 97.1845 	 39.0000 %
897 		 179500 			 3.0303 	 95.5991 	 25.0000 %
898 		 179700 			 2.2140 	 88.7239 	 42.0000 %
899 		 179900 			 2.2140 	 93.7736 	 31.0000 %
900 		 180100 			 4.7537 	 95.5725 	 45.0000 %
901 		 180300 			 4.3397 	 97.5495 	 39.0000 %
902 		 180500 			 3.9931 	 93.7439 	 41.0000 %
903 		 180700 			 5.1389 	 80.2036 	 35.0000 %
904 		 180900 			 4.7282 	 78.3429 	 43.0000 %
905 		 181100 			 2.2751 	 77.8668 	 39.0000 %
906 		 181300 			 1.5037 	 66.0814 	 49.0000 %
907 		 181500 			 1.0827 	 64.1486 	 39.0000 %
908 		 181700 			 0.5462 	 60.9349 	 36.0000 %
909 		 181900 			 0.9907 	 60.6022 	 46.0000 %
910 		 182100 			 0.9907 	 61.8874 	 42.0000 %
911 		 182300 			 0.9907 	 61.3340 	 48.0000 %
912 		 182500 			 0.9907 	 63.6622 	 39.0000 %
913 		 182700 			 1.3384 	 59.6083 	 47.0000 %
914 		 182900 			 0.5096 	 55.6449 	 47.0000 %
915 		 183100 			 0.1762 	 62.2485 	 50.0000 %
916 		 183300 			 3.8159 	 68.7007 	 39.0000 %
917 		 183500 			 1.3384 	 61.9445 	 39.0000 %
918 		 183700 			 1.3384 	 71.6593 	 43.0000 %
919 		 183900 			 1.3384 	 74.9270 	 39.0000 %
920 		 184100 			 1.3384 	 73.5029 	 55.0000 %
921 		 184300 			 0.1304 	 66.7977 	 53.0000 %
922 		 184500 			 2.3499 	 69.4649 	 55.0000 %
923 		 184700 			 2.4632 	 74.8539 	 47.0000 %
924 		 184900 			 0.1304 	 64.4249 	 36.0000 %
925 		 185100 			 0.1304 	 47.0883 	 37.0000 %
926 		 185300 			 0.0267 	 52.6963 	 44.0000 %
927 		 185500 			 0.1304 	 61.0719 	 39.0000 %
928 		 185700 			 0.0034 	 63.1080 	 31.0000 %
929 		 185900 			 2.3499 	 66.8253 	 43.0000 %
930 		 186100 			 0.4702 	 67.5481 	 47.0000 %
931 		 186300 			 4.5420 	 70.7748 	 42.0000 %
932 		 186500 			 1.4139 	 62.7516 	 41.0000 %
933 		 186700 			 5.7985 	 70.9807 	 44.0000 %
934 		 186900 			 10.7503 	 73.2991 	 55.0000 %
935 		 187100 			 5.3369 	 68.9297 	 52.0000 %
936 		 187300 			 2.6324 	 71.2653 	 42.0000 %
937 		 187500 			 0.1441 	 64.1322 	 37.0000 %
938 		 187700 			 0.1441 	 62.5673 	 33.0000 %
939 		 187900 			 0.9126 	 58.7292 	 35.0000 %
940 		 188100 			 0.9126 	 60.4403 	 31.0000 %
941 		 188300 			 0.0369 	 65.8434 	 47.0000 %
942 		 188500 			 0.0369 	 69.3542 	 34.0000 %
943 		 188700 			 0.0369 	 62.7774 	 34.0000 %
944 		 188900 			 2.4903 	 55.1874 	 41.0000 %
945 		 189100 			 1.6819 	 59.7740 	 40.0000 %
946 		 189300 			 0.5090 	 56.8861 	 49.0000 %
947 		 189500 			 3.3654 	 55.8697 	 43.0000 %
948 		 189700 			 3.3664 	 46.5029 	 42.0000 %
949 		 189900 			 1.2268 	 47.6003 	 45.0000 %
950 		 190100 			 3.6783 	 56.8451 	 43.0000 %
951 		 190300 			 0.2990 	 47.1515 	 45.0000 %
952 		 190500 			 0.2990 	 53.8332 	 40.0000 %
953 		 190700 			 0.8151 	 59.3044 	 49.0000 %
954 		 190900 			 4.2941 	 55.6128 	 50.0000 %
955 		 191100 			 6.9124 	 65.0187 	 53.0000 %
956 		 191300 			 0.4291 	 68.0460 	 56.0000 %
957 		 191500 			 1.0024 	 70.6044 	 58.0000 %
958 		 191700 			 3.6716 	 75.2364 	 45.0000 %
959 		 191900 			 0.2803 	 67.3109 	 30.0000 %
960 		 192100 			 0.2803 	 70.2233 	 38.0000 %
961 		 192300 			 2.1619 	 64.7735 	 37.0000 %
962 		 192500 			 7.9272 	 60.7729 	 43.0000 %
963 		 192700 			 2.1619 	 53.6708 	 38.0000 %
964 		 192900 			 6.3158 	 51.1209 	 39.0000 %
965 		 193100 			 0.0733 	 48.4616 	 34.0000 %
966 		 193300 			 0.0733 	 47.9034 	 53.0000 %
967 		 193500 			 0.9849 	 50.8343 	 50.0000 %
968 		 193700 			 0.9849 	 65.2795 	 50.0000 %
969 		 193900 			 0.9849 	 74.4657 	 35.0000 %
970 		 194100 			 1.6651 	 83.8605 	 40.0000 %
971 		 194300 			 2.2487 	 74.0736 	 36.0000 %
972 		 194500 			 0.7996 	 74.3657 	 35.0000 %
973 		 194700 			 0.7960 	 67.1981 	 34.0000 %
974 		 194900 			 0.1801 	 60.3599 	 32.0000 %
975 		 195100 			 0.1801 	 57.0319 	 38.0000 %
976 		 195300 			 0.1801 	 62.6001 	 37.0000 %
977 		 195500 			 1.0761 	 58.0903 	 33.0000 %
978 		 195700 			 2.4775 	 57.1527 	 40.0000 %
979 		 195900 			 1.4139 	 59.3531 	 40.0000 %
980 		 196100 			 2.4775 	 54.5802 	 54.0000 %
981 		 196300 			 1.4061 	 51.3734 	 38.0000 %
982 		 196500 			 1.4358 	 48.1868 	 43.0000 %
983 		 196700 			 2.4775 	 45.5507 	 38.0000 %
984 		 196900 			 3.4037 	 54.7680 	 39.0000 %
985 		 197100 			 1.8135 	 79.9522 	 36.0000 %
986 		 197300 			 1.6551 	 70.0908 	 53.0000 %
987 		 197500 			 2.2074 	 71.9076 	 38.0000 %
988 		 197700 			 2.7525 	 85.7300 	 33.0000 %
989 		 197900 			 2.7742 	 89.7013 	 41.0000 %
990 		 198100 			 1.2058 	 100.7980 	 37.0000 %
991 		 198300 			 4.3528 	 105.9704 	 46.0000 %
992 		 198500 			 2.0308 	 105.0059 	 46.0000 %
993 		 198700 			 8.6914 	 105.4990 	 32.0000 %
994 		 198900 			 7.9204 	 101.0784 	 50.0000 %
995 		 199100 			 5.1389 	 91.3921 	 46.0000 %
996 		 199300 			 1.4689 	 96.6237 	 47.0000 %
997 		 199500 			 1.4689 	 93.6418 	 44.0000 %
998 		 199700 			 1.2978 	 92.6895 	 48.0000 %
999 		 199900 			 0.8967 	 68.6397 	 50.0000 %
1000 		 200100 			 0.8967 	 79.2325 	 46.0000 %
Best fit 0.0
