[H[2J[3J------------  ---------------  ---------------  -------------  --------------
Fitness type  Population Size  Individual Size  Mutation Rate  Crossover Rate
rosenbrock    100              10               0.001          0.3
------------  ---------------  ---------------  -------------  --------------
##############################################################
Generation 	 Max Fit 	 Average Fit 	 % same 	
1 		 2161.8057 	 805.9172 	 82.0000 %
2 		 2161.8057 	 1093.3919 	 91.0000 %
3 		 2643.3682 	 1468.4118 	 96.0000 %
4 		 1722.7432 	 1681.3914 	 100.0000 %
5 		 1722.7432 	 1690.4167 	 100.0000 %
6 		 1333.6807 	 1332.9307 	 100.0000 %
7 		 1367.3281 	 1366.0937 	 100.0000 %
8 		 1333.6807 	 1333.5307 	 100.0000 %
9 		 1333.6807 	 1333.4557 	 100.0000 %
10 		 1333.6807 	 1333.6057 	 99.0000 %
11 		 1333.6807 	 1333.6807 	 100.0000 %
12 		 411.9150 	 411.9150 	 100.0000 %
13 		 131.3682 	 131.3682 	 100.0000 %
14 		 835.5869 	 835.5869 	 100.0000 %
15 		 259.7744 	 259.7744 	 100.0000 %
16 		 259.7744 	 259.7744 	 100.0000 %
17 		 260.2744 	 260.2744 	 100.0000 %
18 		 260.2744 	 260.2744 	 100.0000 %
19 		 124.3369 	 124.3369 	 100.0000 %
20 		 98.7900 	 98.7900 	 100.0000 %
21 		 98.7900 	 98.7900 	 100.0000 %
22 		 98.7900 	 98.7900 	 100.0000 %
23 		 98.7900 	 98.7900 	 100.0000 %
24 		 98.7900 	 98.7900 	 100.0000 %
25 		 208.2031 	 208.2031 	 100.0000 %
26 		 208.2031 	 208.2031 	 100.0000 %
27 		 245.7031 	 245.7031 	 100.0000 %
28 		 428.4531 	 428.4531 	 100.0000 %
29 		 58.5000 	 58.5000 	 100.0000 %
30 		 762.5000 	 762.5000 	 100.0000 %
31 		 1145.3125 	 1145.3125 	 100.0000 %
32 		 1145.3125 	 1145.3125 	 100.0000 %
33 		 1145.3125 	 1145.3125 	 100.0000 %
34 		 455.5625 	 455.5625 	 100.0000 %
35 		 5.5625 	 5.5625 	 100.0000 %
36 		 5.5625 	 5.5625 	 100.0000 %
37 		 455.5625 	 455.5625 	 100.0000 %
38 		 455.5625 	 455.5625 	 100.0000 %
39 		 455.5625 	 455.5625 	 100.0000 %
40 		 568.0625 	 568.0625 	 100.0000 %
41 		 194.6494 	 194.6494 	 100.0000 %
42 		 194.6494 	 194.6494 	 100.0000 %
43 		 16.5244 	 16.5244 	 100.0000 %
44 		 194.6494 	 194.6494 	 100.0000 %
45 		 232.3525 	 232.3525 	 100.0000 %
46 		 232.3525 	 232.3525 	 100.0000 %
47 		 360.0869 	 360.0869 	 100.0000 %
48 		 230.9775 	 230.9775 	 100.0000 %
49 		 10.0088 	 10.0088 	 100.0000 %
50 		 24.7275 	 24.7275 	 100.0000 %
51 		 24.7275 	 24.7275 	 100.0000 %
52 		 24.7275 	 24.7275 	 100.0000 %
53 		 81.9619 	 81.9619 	 100.0000 %
54 		 81.9619 	 81.9619 	 100.0000 %
55 		 162.8213 	 162.8213 	 100.0000 %
56 		 272.6807 	 272.6807 	 100.0000 %
57 		 272.6807 	 272.6807 	 100.0000 %
58 		 272.6807 	 272.6807 	 100.0000 %
59 		 700.8057 	 700.8057 	 100.0000 %
60 		 597.2031 	 597.2031 	 100.0000 %
61 		 461.7432 	 461.7432 	 100.0000 %
62 		 461.7432 	 461.7432 	 100.0000 %
63 		 700.8057 	 700.8057 	 100.0000 %
64 		 2914.1494 	 2914.1494 	 100.0000 %
65 		 2197.8281 	 2197.8281 	 100.0000 %
66 		 1360.3281 	 1360.3281 	 100.0000 %
67 		 1360.3281 	 1360.3281 	 100.0000 %
68 		 1550.9531 	 1550.9531 	 100.0000 %
69 		 225.2500 	 225.2500 	 100.0000 %
70 		 225.2500 	 225.2500 	 100.0000 %
71 		 6.2500 	 6.2500 	 100.0000 %
72 		 6.2500 	 6.2500 	 100.0000 %
73 		 227.2500 	 227.2500 	 100.0000 %
74 		 158.5000 	 158.5000 	 100.0000 %
75 		 264.3125 	 264.3125 	 100.0000 %
76 		 264.3125 	 264.3125 	 100.0000 %
77 		 266.3125 	 266.3125 	 100.0000 %
78 		 266.3125 	 266.3125 	 100.0000 %
79 		 128.8125 	 128.8125 	 100.0000 %
80 		 78.8125 	 78.8125 	 100.0000 %
81 		 3.8125 	 3.8125 	 100.0000 %
82 		 3.8125 	 3.8125 	 100.0000 %
83 		 3.8125 	 3.8125 	 100.0000 %
84 		 3.8125 	 3.8125 	 100.0000 %
85 		 1.0000 	 1.0000 	 100.0000 %
86 		 7.2500 	 7.2500 	 100.0000 %
87 		 157.2500 	 157.2500 	 100.0000 %
88 		 190.0625 	 190.0625 	 100.0000 %
89 		 190.0625 	 190.0625 	 100.0000 %
90 		 127.5625 	 127.5625 	 100.0000 %
91 		 127.5625 	 127.5625 	 100.0000 %
92 		 127.5625 	 127.5625 	 100.0000 %
93 		 2.5625 	 2.5625 	 100.0000 %
94 		 0.9531 	 0.9531 	 100.0000 %
95 		 0.9531 	 0.9531 	 100.0000 %
96 		 0.9531 	 0.9531 	 100.0000 %
97 		 2.5625 	 2.5625 	 100.0000 %
98 		 40.0625 	 40.0625 	 100.0000 %
99 		 40.0625 	 40.0625 	 100.0000 %
100 		 57.2500 	 57.2500 	 100.0000 %
101 		 57.2500 	 57.2500 	 100.0000 %
102 		 301.5713 	 301.5713 	 100.0000 %
103 		 301.5713 	 301.5713 	 100.0000 %
104 		 312.5088 	 312.5088 	 100.0000 %
105 		 312.5088 	 312.5088 	 100.0000 %
106 		 312.5088 	 312.5088 	 100.0000 %
107 		 358.2119 	 358.2119 	 100.0000 %
108 		 513.4463 	 513.4463 	 100.0000 %
109 		 406.4150 	 406.4150 	 100.0000 %
110 		 152.5088 	 152.5088 	 100.0000 %
111 		 99.5400 	 99.5400 	 100.0000 %
112 		 97.0400 	 97.0400 	 100.0000 %
113 		 37.1494 	 37.1494 	 100.0000 %
114 		 406.2900 	 406.2900 	 100.0000 %
115 		 244.2031 	 244.2031 	 100.0000 %
116 		 31.7031 	 31.7031 	 100.0000 %
117 		 31.7031 	 31.7031 	 100.0000 %
118 		 58.6338 	 58.6338 	 100.0000 %
119 		 58.6338 	 58.6338 	 100.0000 %
120 		 58.6338 	 58.6338 	 100.0000 %
121 		 58.6338 	 58.6338 	 100.0000 %
122 		 31.7031 	 31.7031 	 100.0000 %
123 		 58.6338 	 58.6338 	 100.0000 %
124 		 2.3682 	 2.3682 	 100.0000 %
125 		 0.9531 	 0.9531 	 100.0000 %
126 		 0.9531 	 0.9531 	 100.0000 %
127 		 10.3281 	 10.3281 	 100.0000 %
128 		 26.6025 	 26.6025 	 100.0000 %
129 		 103.1650 	 103.1650 	 100.0000 %
130 		 103.1650 	 103.1650 	 100.0000 %
131 		 1418.7588 	 1418.7588 	 100.0000 %
132 		 328.5781 	 328.5781 	 100.0000 %
133 		 10.3281 	 10.3281 	 100.0000 %
134 		 10.3281 	 10.3281 	 100.0000 %
135 		 156.2500 	 156.2500 	 100.0000 %
136 		 156.2500 	 156.2500 	 100.0000 %
137 		 156.2500 	 156.2500 	 100.0000 %
138 		 100.0000 	 100.0000 	 100.0000 %
139 		 104.0000 	 104.0000 	 100.0000 %
140 		 160.2500 	 160.2500 	 100.0000 %
141 		 160.2500 	 160.2500 	 100.0000 %
142 		 104.0000 	 104.0000 	 100.0000 %
143 		 104.0000 	 104.0000 	 100.0000 %
144 		 104.0000 	 104.0000 	 100.0000 %
145 		 249.2031 	 249.2031 	 100.0000 %
146 		 1657.9531 	 1657.9531 	 100.0000 %
147 		 2047.3525 	 2047.3525 	 100.0000 %
148 		 2161.8057 	 2161.8057 	 100.0000 %
149 		 2047.3525 	 2047.3525 	 100.0000 %
150 		 2047.3525 	 2047.3525 	 100.0000 %
151 		 841.2119 	 841.2119 	 100.0000 %
152 		 841.2119 	 841.2119 	 100.0000 %
153 		 2523.9150 	 2523.9150 	 100.0000 %
154 		 57.4463 	 57.4463 	 100.0000 %
155 		 57.4463 	 57.4463 	 100.0000 %
156 		 57.4463 	 57.4463 	 100.0000 %
157 		 53.9463 	 53.9463 	 100.0000 %
158 		 53.9463 	 53.9463 	 100.0000 %
159 		 87.9531 	 87.9531 	 100.0000 %
160 		 53.9463 	 53.9463 	 100.0000 %
161 		 7.0713 	 7.0713 	 100.0000 %
162 		 0.4150 	 0.4150 	 100.0000 %
163 		 0.4150 	 0.4150 	 100.0000 %
164 		 13.6807 	 13.6807 	 100.0000 %
165 		 13.6807 	 13.6807 	 100.0000 %
166 		 13.6807 	 13.6807 	 100.0000 %
167 		 18.0625 	 18.0625 	 100.0000 %
168 		 167.0713 	 167.0713 	 100.0000 %
169 		 132.8125 	 132.8125 	 100.0000 %
170 		 132.8125 	 132.8125 	 100.0000 %
171 		 132.8125 	 132.8125 	 100.0000 %
172 		 78.8125 	 78.8125 	 100.0000 %
173 		 78.8125 	 78.8125 	 100.0000 %
174 		 128.8125 	 128.8125 	 100.0000 %
175 		 99.5400 	 99.5400 	 100.0000 %
176 		 125.7119 	 125.7119 	 100.0000 %
177 		 125.7119 	 125.7119 	 100.0000 %
178 		 125.7119 	 125.7119 	 100.0000 %
179 		 125.7119 	 125.7119 	 100.0000 %
180 		 187.4307 	 187.4307 	 100.0000 %
181 		 222.9775 	 222.9775 	 100.0000 %
182 		 408.9150 	 408.9150 	 100.0000 %
183 		 56.5713 	 56.5713 	 100.0000 %
184 		 155.0088 	 155.0088 	 100.0000 %
185 		 222.9775 	 222.9775 	 100.0000 %
186 		 220.4775 	 220.4775 	 100.0000 %
187 		 220.4775 	 220.4775 	 100.0000 %
188 		 220.4775 	 220.4775 	 100.0000 %
189 		 458.3682 	 458.3682 	 100.0000 %
190 		 515.9463 	 515.9463 	 100.0000 %
191 		 61.2588 	 61.2588 	 100.0000 %
192 		 26.1025 	 26.1025 	 100.0000 %
193 		 26.1025 	 26.1025 	 100.0000 %
194 		 26.1025 	 26.1025 	 100.0000 %
195 		 123.0869 	 123.0869 	 100.0000 %
196 		 141.0781 	 141.0781 	 100.0000 %
197 		 96.9150 	 96.9150 	 100.0000 %
198 		 37.5244 	 37.5244 	 100.0000 %
199 		 130.2432 	 130.2432 	 100.0000 %
200 		 37.5244 	 37.5244 	 100.0000 %
201 		 54.3213 	 54.3213 	 100.0000 %
202 		 54.3213 	 54.3213 	 100.0000 %
203 		 103.5400 	 103.5400 	 100.0000 %
204 		 312.1338 	 312.1338 	 100.0000 %
205 		 160.5713 	 160.5713 	 100.0000 %
206 		 160.5713 	 160.5713 	 100.0000 %
207 		 130.8682 	 130.8682 	 100.0000 %
208 		 12.9307 	 12.9307 	 100.0000 %
209 		 40.6494 	 40.6494 	 100.0000 %
210 		 466.4932 	 466.4932 	 100.0000 %
211 		 572.2744 	 572.2744 	 100.0000 %
212 		 1150.3994 	 1150.3994 	 100.0000 %
213 		 863.4531 	 863.4531 	 100.0000 %
214 		 863.4531 	 863.4531 	 100.0000 %
215 		 863.4531 	 863.4531 	 100.0000 %
216 		 863.4531 	 863.4531 	 100.0000 %
217 		 633.2275 	 633.2275 	 100.0000 %
218 		 633.2275 	 633.2275 	 100.0000 %
219 		 513.6963 	 513.6963 	 100.0000 %
220 		 633.2275 	 633.2275 	 100.0000 %
221 		 193.3994 	 193.3994 	 100.0000 %
222 		 41.0557 	 41.0557 	 100.0000 %
223 		 264.3125 	 264.3125 	 100.0000 %
224 		 14.0625 	 14.0625 	 100.0000 %
225 		 14.0625 	 14.0625 	 100.0000 %
226 		 14.0625 	 14.0625 	 100.0000 %
227 		 80.5625 	 80.5625 	 100.0000 %
228 		 2.5625 	 2.5625 	 100.0000 %
229 		 80.5625 	 80.5625 	 100.0000 %
230 		 76.5625 	 76.5625 	 100.0000 %
231 		 76.5625 	 76.5625 	 100.0000 %
232 		 76.5625 	 76.5625 	 100.0000 %
233 		 141.0781 	 141.0781 	 100.0000 %
234 		 141.0781 	 141.0781 	 100.0000 %
235 		 141.0781 	 141.0781 	 100.0000 %
236 		 3.5781 	 3.5781 	 100.0000 %
237 		 285.3281 	 285.3281 	 100.0000 %
238 		 285.3281 	 285.3281 	 100.0000 %
239 		 722.8281 	 722.8281 	 100.0000 %
240 		 722.8281 	 722.8281 	 100.0000 %
241 		 863.4531 	 863.4531 	 100.0000 %
242 		 863.4531 	 863.4531 	 100.0000 %
243 		 863.4531 	 863.4531 	 100.0000 %
244 		 1016.5781 	 1016.5781 	 100.0000 %
245 		 1016.5781 	 1016.5781 	 100.0000 %
246 		 1016.5781 	 1016.5781 	 100.0000 %
247 		 1016.5781 	 1016.5781 	 100.0000 %
248 		 1016.5781 	 1016.5781 	 100.0000 %
249 		 206.7031 	 206.7031 	 100.0000 %
250 		 478.5781 	 478.5781 	 100.0000 %
251 		 594.2031 	 594.2031 	 100.0000 %
252 		 594.2031 	 594.2031 	 100.0000 %
253 		 594.2031 	 594.2031 	 100.0000 %
254 		 1550.9531 	 1550.9531 	 100.0000 %
255 		 1550.9531 	 1550.9531 	 100.0000 %
256 		 479.0781 	 479.0781 	 100.0000 %
257 		 479.0781 	 479.0781 	 100.0000 %
258 		 351.8125 	 351.8125 	 100.0000 %
259 		 351.8125 	 351.8125 	 100.0000 %
260 		 722.8281 	 722.8281 	 100.0000 %
261 		 0.2500 	 0.2500 	 100.0000 %
262 		 0.2500 	 0.2500 	 100.0000 %
263 		 0.2500 	 0.2500 	 100.0000 %
264 		 1.8125 	 1.8125 	 100.0000 %
265 		 126.8125 	 126.8125 	 100.0000 %
266 		 126.8125 	 126.8125 	 100.0000 %
267 		 126.8125 	 126.8125 	 100.0000 %
268 		 76.8125 	 76.8125 	 100.0000 %
269 		 76.8125 	 76.8125 	 100.0000 %
270 		 1969.7031 	 1969.7031 	 100.0000 %
271 		 1969.7031 	 1969.7031 	 100.0000 %
272 		 1969.7031 	 1969.7031 	 100.0000 %
273 		 1969.7031 	 1969.7031 	 100.0000 %
274 		 791.0781 	 791.0781 	 100.0000 %
275 		 100.0000 	 100.0000 	 100.0000 %
276 		 225.0000 	 225.0000 	 100.0000 %
277 		 225.0000 	 225.0000 	 100.0000 %
278 		 225.0000 	 225.0000 	 100.0000 %
279 		 225.0000 	 225.0000 	 100.0000 %
280 		 225.0000 	 225.0000 	 100.0000 %
281 		 756.5000 	 756.5000 	 100.0000 %
282 		 1269.7031 	 1269.7031 	 100.0000 %
283 		 657.2031 	 657.2031 	 100.0000 %
284 		 657.2031 	 657.2031 	 100.0000 %
285 		 664.2031 	 664.2031 	 100.0000 %
286 		 945.4531 	 945.4531 	 100.0000 %
287 		 945.4531 	 945.4531 	 100.0000 %
288 		 945.4531 	 945.4531 	 100.0000 %
289 		 945.4531 	 945.4531 	 100.0000 %
290 		 945.4531 	 945.4531 	 100.0000 %
291 		 34.7031 	 34.7031 	 100.0000 %
292 		 244.2031 	 244.2031 	 100.0000 %
293 		 34.7031 	 34.7031 	 100.0000 %
294 		 34.7031 	 34.7031 	 100.0000 %
295 		 247.2031 	 247.2031 	 100.0000 %
296 		 247.2031 	 247.2031 	 100.0000 %
297 		 247.2031 	 247.2031 	 100.0000 %
298 		 287.8281 	 287.8281 	 100.0000 %
299 		 287.8281 	 287.8281 	 100.0000 %
300 		 284.8281 	 284.8281 	 100.0000 %
301 		 284.8281 	 284.8281 	 100.0000 %
302 		 375.4531 	 375.4531 	 100.0000 %
303 		 375.4531 	 375.4531 	 100.0000 %
304 		 66.0781 	 66.0781 	 100.0000 %
305 		 331.5781 	 331.5781 	 100.0000 %
306 		 330.0781 	 330.0781 	 100.0000 %
307 		 376.9531 	 376.9531 	 100.0000 %
308 		 376.9531 	 376.9531 	 100.0000 %
309 		 376.9531 	 376.9531 	 100.0000 %
310 		 14.8281 	 14.8281 	 100.0000 %
311 		 5.4531 	 5.4531 	 100.0000 %
312 		 117.9531 	 117.9531 	 100.0000 %
313 		 117.9531 	 117.9531 	 100.0000 %
314 		 577.1494 	 577.1494 	 100.0000 %
315 		 42.9307 	 42.9307 	 100.0000 %
316 		 24.7275 	 24.7275 	 100.0000 %
317 		 24.7275 	 24.7275 	 100.0000 %
318 		 24.7275 	 24.7275 	 100.0000 %
319 		 14.8057 	 14.8057 	 100.0000 %
320 		 14.8057 	 14.8057 	 100.0000 %
321 		 67.5781 	 67.5781 	 100.0000 %
322 		 67.5781 	 67.5781 	 100.0000 %
323 		 67.5781 	 67.5781 	 100.0000 %
324 		 330.0781 	 330.0781 	 100.0000 %
325 		 307.2500 	 307.2500 	 100.0000 %
326 		 55.1963 	 55.1963 	 100.0000 %
327 		 55.1963 	 55.1963 	 100.0000 %
328 		 55.1963 	 55.1963 	 100.0000 %
329 		 55.1963 	 55.1963 	 100.0000 %
330 		 55.1963 	 55.1963 	 100.0000 %
331 		 318.6338 	 318.6338 	 100.0000 %
332 		 705.5557 	 705.5557 	 100.0000 %
333 		 486.0781 	 486.0781 	 100.0000 %
334 		 486.0781 	 486.0781 	 100.0000 %
335 		 144.0781 	 144.0781 	 100.0000 %
336 		 144.0781 	 144.0781 	 100.0000 %
337 		 144.0781 	 144.0781 	 100.0000 %
338 		 209.7031 	 209.7031 	 100.0000 %
339 		 481.5781 	 481.5781 	 100.0000 %
340 		 575.0244 	 575.0244 	 100.0000 %
341 		 2650.8682 	 2650.8682 	 100.0000 %
342 		 2650.8682 	 2650.8682 	 100.0000 %
343 		 2650.8682 	 2650.8682 	 100.0000 %
344 		 1722.7432 	 1722.7432 	 100.0000 %
345 		 1827.8213 	 1827.8213 	 100.0000 %
346 		 1332.3057 	 1332.3057 	 100.0000 %
347 		 1332.3057 	 1332.3057 	 100.0000 %
348 		 842.4619 	 842.4619 	 100.0000 %
349 		 842.4619 	 842.4619 	 100.0000 %
350 		 43.6807 	 43.6807 	 100.0000 %
351 		 842.4619 	 842.4619 	 100.0000 %
352 		 842.4619 	 842.4619 	 100.0000 %
353 		 842.4619 	 842.4619 	 100.0000 %
354 		 631.2500 	 631.2500 	 100.0000 %
355 		 906.2500 	 906.2500 	 100.0000 %
356 		 906.2500 	 906.2500 	 100.0000 %
357 		 906.2500 	 906.2500 	 100.0000 %
358 		 906.2500 	 906.2500 	 100.0000 %
359 		 906.2500 	 906.2500 	 100.0000 %
360 		 906.2500 	 906.2500 	 100.0000 %
361 		 355.5625 	 355.5625 	 100.0000 %
362 		 462.7432 	 462.7432 	 100.0000 %
363 		 462.7432 	 462.7432 	 100.0000 %
364 		 41.6494 	 41.6494 	 100.0000 %
365 		 41.6494 	 41.6494 	 100.0000 %
366 		 913.9150 	 913.9150 	 100.0000 %
367 		 913.9150 	 913.9150 	 100.0000 %
368 		 913.9150 	 913.9150 	 100.0000 %
369 		 913.9150 	 913.9150 	 100.0000 %
370 		 316.2588 	 316.2588 	 100.0000 %
371 		 229.0000 	 229.0000 	 100.0000 %
372 		 229.0000 	 229.0000 	 100.0000 %
373 		 229.0000 	 229.0000 	 100.0000 %
374 		 760.2500 	 760.2500 	 100.0000 %
375 		 760.2500 	 760.2500 	 100.0000 %
376 		 913.9150 	 913.9150 	 100.0000 %
377 		 316.2588 	 316.2588 	 100.0000 %
378 		 193.3994 	 193.3994 	 100.0000 %
379 		 193.3994 	 193.3994 	 100.0000 %
380 		 193.3994 	 193.3994 	 100.0000 %
381 		 197.8994 	 197.8994 	 100.0000 %
382 		 268.0625 	 268.0625 	 100.0000 %
383 		 264.0625 	 264.0625 	 100.0000 %
384 		 59.0088 	 59.0088 	 100.0000 %
385 		 59.0088 	 59.0088 	 100.0000 %
386 		 59.0088 	 59.0088 	 100.0000 %
387 		 103.5400 	 103.5400 	 100.0000 %
388 		 80.5869 	 80.5869 	 100.0000 %
389 		 80.0869 	 80.0869 	 100.0000 %
390 		 13.6807 	 13.6807 	 100.0000 %
391 		 15.0625 	 15.0625 	 100.0000 %
392 		 15.0625 	 15.0625 	 100.0000 %
393 		 15.0625 	 15.0625 	 100.0000 %
394 		 1.8125 	 1.8125 	 100.0000 %
395 		 1.8125 	 1.8125 	 100.0000 %
396 		 1.8125 	 1.8125 	 100.0000 %
397 		 1.8125 	 1.8125 	 100.0000 %
398 		 1.8125 	 1.8125 	 100.0000 %
399 		 1.8125 	 1.8125 	 100.0000 %
400 		 1.8125 	 1.8125 	 100.0000 %
401 		 0.1650 	 0.1650 	 100.0000 %
402 		 7.1963 	 7.1963 	 100.0000 %
403 		 7.1963 	 7.1963 	 100.0000 %
404 		 26.7275 	 26.7275 	 100.0000 %
405 		 14.3125 	 14.3125 	 100.0000 %
406 		 26.7275 	 26.7275 	 100.0000 %
407 		 909.7900 	 909.7900 	 100.0000 %
408 		 513.6963 	 513.6963 	 100.0000 %
409 		 2039.4775 	 2039.4775 	 100.0000 %
410 		 2906.6494 	 2906.6494 	 100.0000 %
411 		 2914.1494 	 2914.1494 	 100.0000 %
412 		 2914.1494 	 2914.1494 	 100.0000 %
413 		 1936.0244 	 1936.0244 	 100.0000 %
414 		 272.6807 	 272.6807 	 100.0000 %
415 		 272.6807 	 272.6807 	 100.0000 %
416 		 272.6807 	 272.6807 	 100.0000 %
417 		 28.4775 	 28.4775 	 100.0000 %
418 		 28.4775 	 28.4775 	 100.0000 %
419 		 6.7588 	 6.7588 	 100.0000 %
420 		 2.1182 	 2.1182 	 100.0000 %
421 		 2.1182 	 2.1182 	 100.0000 %
422 		 0.1650 	 0.1650 	 100.0000 %
423 		 0.1650 	 0.1650 	 100.0000 %
424 		 0.1650 	 0.1650 	 100.0000 %
425 		 2.6650 	 2.6650 	 100.0000 %
426 		 2.6650 	 2.6650 	 100.0000 %
427 		 4.7119 	 4.7119 	 100.0000 %
428 		 126.5869 	 126.5869 	 100.0000 %
429 		 123.0869 	 123.0869 	 100.0000 %
430 		 302.6963 	 302.6963 	 100.0000 %
431 		 302.6963 	 302.6963 	 100.0000 %
432 		 220.7275 	 220.7275 	 100.0000 %
433 		 220.7275 	 220.7275 	 100.0000 %
434 		 244.7031 	 244.7031 	 100.0000 %
435 		 245.7031 	 245.7031 	 100.0000 %
436 		 245.7031 	 245.7031 	 100.0000 %
437 		 245.7031 	 245.7031 	 100.0000 %
438 		 226.0000 	 226.0000 	 100.0000 %
439 		 226.0000 	 226.0000 	 100.0000 %
440 		 101.0000 	 101.0000 	 100.0000 %
441 		 104.4150 	 104.4150 	 100.0000 %
442 		 157.2500 	 157.2500 	 100.0000 %
443 		 157.2500 	 157.2500 	 100.0000 %
444 		 157.2500 	 157.2500 	 100.0000 %
445 		 157.2500 	 157.2500 	 100.0000 %
446 		 157.2500 	 157.2500 	 100.0000 %
447 		 157.2500 	 157.2500 	 100.0000 %
448 		 157.2500 	 157.2500 	 100.0000 %
449 		 101.0000 	 101.0000 	 100.0000 %
450 		 101.0000 	 101.0000 	 100.0000 %
451 		 0.0000 	 0.0000 	 100.0000 %
